desc: I1 cache:         1024 B, 64 B, direct-mapped
desc: D1 cache:         1024 B, 64 B, direct-mapped
desc: LL cache:         8388608 B, 64 B, direct-mapped
cmd: ./slow 3024
events: Ir I1mr ILmr Dr D1mr DLmr Dw D1mw DLmw 
fl=/build/glibc-DY4NiR/glibc-2.24/csu/../csu/init-first.c
fn=_init
52 8 1 1 0 0 0 4 1 0
58 4 1 1 1 1 0 1 1 1
65 5 1 1 4 3 0 0 0 0
70 1 0 0 0 0 0 1 1 1
71 1 0 0 0 0 0 1 1 1
72 2 0 0 1 1 0 1 1 1
86 4 0 0 0 0 0 1 0 0
94 1 1 0 0 0 0 1 0 0
99 6 1 0 5 0 0 0 0 0
fl=/build/glibc-DY4NiR/glibc-2.24/csu/../csu/libc-start.c
fn=(below main)
134 10 1 1 0 0 0 8 1 0
138 6 1 1 1 1 0 1 1 0
220 2 0 0 0 0 0 0 0 0
221 4 0 0 0 0 0 1 0 0
243 4 1 0 2 1 0 0 0 0
246 2 0 0 0 0 0 0 0 0
247 5 0 0 4 2 0 1 0 0
251 4 1 1 2 1 0 0 0 0
266 2 0 0 0 0 0 0 0 0
278 2 0 0 0 0 0 1 0 0
279 2 0 0 0 0 0 0 0 0
284 2 0 0 1 1 0 1 0 0
285 2 1 0 1 1 0 1 0 0
288 2 0 0 0 0 0 1 0 0
291 6 0 0 5 1 0 1 0 0
325 4 2 2 0 0 0 1 0 0
fl=/build/glibc-DY4NiR/glibc-2.24/csu/../sysdeps/generic/dl-hash.h
fn=_init
45 12 0 0 4 1 0 0 0 0
48 12 0 0 0 0 0 0 0 0
62 16 0 0 0 0 0 0 0 0
67 1 0 0 0 0 0 0 0 0
fl=/build/glibc-DY4NiR/glibc-2.24/csu/../sysdeps/unix/sysv/linux/x86_64/init-first.c
fn=_init
36 10 2 2 0 0 0 4 0 0
38 4 0 0 0 0 0 1 1 0
39 2 0 0 0 0 0 0 0 0
40 2 1 1 0 0 0 0 0 0
41 2 1 1 1 1 0 0 0 0
42 1 0 0 0 0 0 1 0 0
44 3 0 0 0 0 0 1 0 0
45 2 0 0 1 0 0 0 0 0
46 1 0 0 0 0 0 1 0 0
fl=/build/glibc-DY4NiR/glibc-2.24/ctype/ctype-info.c
fn=__ctype_init
31 7 2 2 5 3 0 1 0 0
33 4 0 0 2 1 0 1 0 0
35 5 0 0 3 1 0 1 0 0
fl=/build/glibc-DY4NiR/glibc-2.24/elf/../elf/dl-runtime.c
fn=_dl_fixup
66 24 8 3 0 0 0 8 0 0
68 8 0 0 8 0 0 0 0 0
69 16 0 0 16 16 4 0 0 0
72 40 0 0 16 16 4 0 0 0
73 56 8 3 16 15 4 8 4 1
74 24 0 0 16 9 2 0 0 0
79 16 0 0 0 0 0 0 0 0
83 16 0 0 8 8 2 0 0 0
87 24 8 3 8 8 2 0 0 0
91 16 0 0 16 16 4 0 0 0
92 32 0 0 8 8 2 0 0 0
94 32 0 0 8 8 2 0 0 0
100 8 0 0 0 0 0 0 0 0
101 24 8 3 8 8 1 0 0 0
111 80 8 0 16 13 2 24 4 3
115 40 0 0 24 12 0 0 0 0
125 48 8 3 16 8 0 0 0 0
133 8 0 0 8 1 0 0 0 0
141 32 0 0 8 6 0 0 0 0
145 24 1 0 8 6 1 0 0 0
149 24 0 0 16 4 0 0 0 0
fl=/build/glibc-DY4NiR/glibc-2.24/elf/../elf/dl-sysdep.c
fn=_dl_sysdep_start
86 8 1 1 0 0 0 6 0 0
110 1 0 0 0 0 0 1 0 0
111 143 1 1 46 7 7 4 3 3
114 2 0 0 0 0 0 1 1 1
115 1 0 0 0 0 0 1 0 0
117 136 6 6 35 12 3 17 5 1
118 110 0 0 18 9 3 0 0 0
121 1 0 0 1 1 0 0 0 0
122 1 0 0 0 0 0 0 0 0
124 1 1 1 1 1 0 0 0 0
125 1 0 0 0 0 0 0 0 0
127 1 1 1 1 0 0 0 0 0
128 2 0 0 0 0 0 0 0 0
130 1 0 0 1 0 0 0 0 0
131 2 0 0 0 0 0 0 0 0
151 1 1 1 1 0 0 0 0 0
152 2 0 0 0 0 0 0 0 0
154 1 0 0 1 0 0 0 0 0
155 2 0 0 0 0 0 0 0 0
157 2 1 1 1 0 0 1 0 0
158 2 0 0 0 0 0 0 0 0
163 2 0 0 1 1 1 1 0 0
164 2 0 0 0 0 0 1 1 0
179 2 0 0 1 1 1 1 0 0
180 2 0 0 0 0 0 1 0 0
231 3 0 0 1 1 0 0 0 0
232 2 2 1 0 0 0 2 2 0
234 5 0 0 0 0 0 1 1 0
246 3 0 0 1 0 0 0 0 0
249 5 0 0 1 0 0 1 0 0
251 9 1 0 8 2 0 0 0 0
fn=_dl_sysdep_start_cleanup
256 1 1 0 1 0 0 0 0 0
fl=/build/glibc-DY4NiR/glibc-2.24/elf/../misc/sbrk.c
fn=sbrk
34 4 1 1 0 0 0 2 0 0
42 6 0 0 2 2 1 0 0 0
46 2 0 0 0 0 0 0 0 0
62 5 1 1 3 1 0 0 0 0
fl=/build/glibc-DY4NiR/glibc-2.24/elf/../sysdeps/generic/ldsodefs.h
fn=_dl_relocate_object
102 267 83 1 89 0 0 0 0 0
fn=do_lookup_x
102 252 0 0 84 35 0 0 0 0
fl=/build/glibc-DY4NiR/glibc-2.24/elf/../sysdeps/posix/dl-fileid.h
fn=_dl_map_object_from_fd
37 12 2 1 0 0 0 2 0 0
40 2 0 0 2 0 0 0 0 0
41 4 0 0 2 1 1 2 0 0
49 12 0 0 6 5 1 0 0 0
fl=/build/glibc-DY4NiR/glibc-2.24/elf/../sysdeps/unix/sysv/linux/dl-osinfo.h
fn=dl_main
64 2 0 0 1 1 0 0 0 0
77 1 0 0 1 0 0 0 0 0
fl=/build/glibc-DY4NiR/glibc-2.24/elf/../sysdeps/unix/sysv/linux/dl-sysdep.c
fn=_dl_discover_osversion
45 7 1 1 0 0 0 6 1 0
47 4 0 0 1 0 0 1 1 1
87 5 2 2 0 0 0 1 1 1
102 1 0 0 0 0 0 0 0 0
106 1 0 0 0 0 0 0 0 0
107 1 0 0 0 0 0 0 0 0
109 12 0 0 3 1 1 0 0 0
111 6 0 0 0 0 0 0 0 0
113 17 0 0 4 0 0 0 0 0
115 1 0 0 0 0 0 0 0 0
116 2 0 0 0 0 0 0 0 0
119 3 0 0 0 0 0 0 0 0
120 3 1 1 0 0 0 0 0 0
121 3 0 0 0 0 0 0 0 0
123 13 0 0 0 0 0 0 0 0
128 2 0 0 0 0 0 0 0 0
132 8 0 0 7 0 0 0 0 0
fn=_dl_sysdep_start
35 2 0 0 0 0 0 1 0 0
fl=/build/glibc-DY4NiR/glibc-2.24/elf/../sysdeps/unix/sysv/linux/dl-vdso.c
fn=_dl_vdso_vsym
27 10 4 2 10 6 2 0 0 0
28 5 4 2 0 0 0 0 0 0
31 10 0 0 0 0 0 0 0 0
48 5 0 0 5 0 0 0 0 0
fl=/build/glibc-DY4NiR/glibc-2.24/elf/../sysdeps/unix/sysv/linux/x86_64/brk.c
fn=brk
31 7 2 2 0 0 0 1 1 1
33 2 0 0 0 0 0 0 0 0
39 1 0 0 0 0 0 0 0 0
40 1 0 0 1 0 0 0 0 0
fl=/build/glibc-DY4NiR/glibc-2.24/elf/../sysdeps/x86/cpu-features.c
fn=_dl_sysdep_start
100 1 0 0 0 0 0 1 1 0
101 1 1 1 0 0 0 1 0 0
102 1 0 0 0 0 0 1 0 0
113 3 0 0 0 0 0 1 0 0
116 8 0 0 0 0 0 0 0 0
120 2 0 0 0 0 0 0 0 0
122 5 2 2 0 0 0 1 1 0
125 3 0 0 1 0 0 0 0 0
127 1 0 0 1 0 0 0 0 0
128 3 1 1 2 0 0 1 0 0
129 7 1 1 1 1 1 0 0 0
135 2 1 1 0 0 0 1 1 0
175 2 0 0 0 0 0 0 0 0
197 3 0 0 1 0 0 0 0 0
207 2 0 0 0 0 0 0 0 0
216 5 0 0 1 0 0 0 0 0
224 3 1 1 0 0 0 1 0 0
225 2 0 0 1 0 0 0 0 0
229 3 0 0 0 0 0 0 0 0
230 2 0 0 0 0 0 0 0 0
232 1 0 0 1 0 0 0 0 0
284 3 1 1 1 0 0 0 0 0
285 1 1 1 1 0 0 0 0 0
288 2 0 0 0 0 0 0 0 0
289 1 0 0 1 0 0 0 0 0
302 6 1 1 0 0 0 0 0 0
303 5 0 0 0 0 0 0 0 0
304 2 0 0 0 0 0 0 0 0
305 4 1 1 0 0 0 0 0 0
313 1 0 0 0 0 0 1 0 0
314 1 0 0 0 0 0 1 0 0
315 1 0 0 0 0 0 1 0 0
fn=get_common_indeces.constprop.1
23 1 0 0 0 0 0 1 0 0
28 4 1 1 0 0 0 0 0 0
31 5 0 0 0 0 0 3 0 0
34 1 0 0 0 0 0 1 0 0
35 4 1 1 0 0 0 1 0 0
36 4 0 0 0 0 0 1 0 0
37 4 0 0 0 0 0 1 0 0
38 3 0 0 0 0 0 1 0 0
39 2 0 0 1 0 0 0 0 0
46 2 0 0 1 0 0 0 0 0
47 7 1 1 0 0 0 4 0 0
54 3 0 0 1 0 0 0 0 0
58 2 0 0 0 0 0 0 0 0
60 4 0 0 0 0 0 0 0 0
64 2 1 1 0 0 0 0 0 0
66 1 0 0 1 1 1 0 0 0
68 3 0 0 1 0 0 0 0 0
73 3 0 0 0 0 0 0 0 0
89 2 0 0 0 0 0 0 0 0
94 2 0 0 2 0 0 0 0 0
fl=/build/glibc-DY4NiR/glibc-2.24/elf/../sysdeps/x86_64/dl-irel.h
fn=_dl_fixup
32 2 1 1 0 0 0 1 1 0
fl=/build/glibc-DY4NiR/glibc-2.24/elf/../sysdeps/x86_64/dl-machine.h
fn=_dl_fixup
259 8 0 0 0 0 0 8 8 0
fn=_dl_relocate_object
79 24 4 1 4 1 0 0 0 0
85 6 0 0 6 4 0 0 0 0
89 9 0 0 3 3 2 0 0 0
95 3 0 0 0 0 0 3 0 0
103 9 0 0 3 2 0 0 0 0
105 3 0 0 3 3 0 0 0 0
123 6 0 0 0 0 0 0 0 0
132 6 3 1 0 0 0 0 0 0
134 6 0 0 0 0 0 0 0 0
139 18 6 2 0 0 0 3 0 0
149 12 1 0 4 4 0 0 0 0
293 206 0 0 0 0 0 0 0 0
314 206 0 0 0 0 0 0 0 0
318 206 0 0 0 0 0 0 0 0
325 4681 144 14 1078 478 79 793 201 0
327 453 6 0 186 85 0 0 0 0
330 372 0 0 93 39 0 0 0 0
336 618 2 1 103 103 3 0 0 0
431 42 1 1 14 0 0 0 0 0
435 70 0 0 14 1 0 0 0 0
440 131 80 1 117 87 12 0 0 0
449 206 0 0 0 0 0 103 96 14
492 9 3 1 0 0 0 3 0 0
536 3582 0 0 1194 356 299 0 0 0
541 2388 0 0 0 0 0 0 0 0
542 3582 3 1 1194 150 150 1194 302 221
552 34 0 0 21 0 0 0 0 0
556 26 0 0 0 0 0 0 0 0
558 39 0 0 13 3 0 0 0 0
559 13 0 0 13 5 1 0 0 0
576 16 0 0 16 8 0 0 0 0
577 24 0 0 0 0 0 8 0 0
578 24 1 0 8 0 0 8 8 0
579 32 12 2 16 2 0 8 3 0
fn=_dl_start
59 3 0 0 1 1 1 0 0 0
79 1 0 0 1 0 0 0 0 0
290 6 0 0 0 0 0 0 0 0
318 12 0 0 0 0 0 0 0 0
327 24 0 0 12 5 1 0 0 0
330 24 0 0 6 6 5 0 0 0
336 37 0 0 6 1 1 0 0 0
355 18 1 1 6 3 1 6 3 1
423 1 1 1 0 0 0 0 0 0
541 20 0 0 10 2 2 0 0 0
542 30 0 0 10 1 1 10 2 2
fn=_dl_sysdep_start
243 5 0 0 2 2 1 0 0 0
fl=/build/glibc-DY4NiR/glibc-2.24/elf/../sysdeps/x86_64/dl-trampoline.h
fn=_dl_runtime_resolve_avx_slow
70 8 8 3 0 0 0 0 0 0
71 8 0 0 0 0 0 0 0 0
72 8 0 0 0 0 0 0 0 0
73 8 0 0 0 0 0 0 0 0
74 8 0 0 0 0 0 0 0 0
75 8 0 0 0 0 0 0 0 0
76 8 0 0 0 0 0 0 0 0
77 8 8 3 0 0 0 0 0 0
78 8 0 0 0 0 0 0 0 0
81 8 0 0 0 0 0 0 0 0
84 8 0 0 0 0 0 0 0 0
87 8 0 0 0 0 0 0 0 0
fn=_dl_runtime_resolve_sse_vex
164 8 8 3 0 0 0 8 4 0
167 8 0 0 0 0 0 0 0 0
169 8 0 0 0 0 0 0 0 0
171 8 0 0 0 0 0 0 0 0
174 8 0 0 0 0 0 8 5 2
175 8 0 0 0 0 0 8 0 0
176 8 0 0 0 0 0 8 0 0
177 8 0 0 0 0 0 8 0 0
178 8 8 3 0 0 0 8 0 0
179 8 0 0 0 0 0 8 0 0
180 8 0 0 0 0 0 8 0 0
181 8 0 0 0 0 0 8 5 3
182 8 0 0 0 0 0 8 0 0
183 8 0 0 0 0 0 8 2 2
184 8 0 0 0 0 0 8 3 1
185 8 0 0 0 0 0 8 0 0
186 8 0 0 0 0 0 8 0 0
187 8 0 0 0 0 0 8 2 1
188 8 8 3 0 0 0 8 1 1
193 8 0 0 0 0 0 0 0 0
194 8 0 0 0 0 0 0 0 0
195 8 0 0 0 0 0 0 0 0
196 8 0 0 0 0 0 0 0 0
210 8 0 0 8 0 0 0 0 0
211 8 0 0 8 0 0 0 0 0
212 8 0 0 0 0 0 8 0 0
213 8 8 0 0 0 0 0 0 0
218 8 8 3 0 0 0 0 0 0
219 8 0 0 0 0 0 0 0 0
220 8 0 0 0 0 0 0 0 0
221 8 0 0 0 0 0 0 0 0
234 8 0 0 8 8 0 0 0 0
235 8 0 0 8 4 0 0 0 0
236 8 0 0 8 0 0 0 0 0
237 8 0 0 8 4 0 0 0 0
238 8 8 3 8 0 0 0 0 0
239 8 0 0 8 0 0 0 0 0
240 8 0 0 8 0 0 0 0 0
241 8 0 0 8 0 0 0 0 0
242 8 0 0 8 0 0 0 0 0
243 8 0 0 8 4 0 0 0 0
244 8 0 0 8 4 0 0 0 0
245 8 0 0 8 0 0 0 0 0
246 8 0 0 8 0 0 0 0 0
247 8 0 0 8 4 0 0 0 0
248 8 8 2 8 4 0 0 0 0
250 8 0 0 0 0 0 0 0 0
252 8 0 0 8 0 0 0 0 0
256 8 0 0 0 0 0 0 0 0
259 8 0 0 0 0 0 0 0 0
fl=/build/glibc-DY4NiR/glibc-2.24/elf/./dl-load.h
fn=_dl_map_object_from_fd
90 8 0 0 4 1 0 0 0 0
91 6 0 0 4 1 0 2 1 0
93 8 2 1 4 0 0 0 0 0
94 4 1 1 2 0 0 0 0 0
95 6 0 0 2 0 0 0 0 0
96 4 1 1 1 0 0 0 0 0
98 4 0 0 0 0 0 1 0 0
fl=/build/glibc-DY4NiR/glibc-2.24/elf/./dl-map-segments.h
fn=_dl_map_object_from_fd
50 6 0 0 2 2 0 2 0 0
56 18 2 1 6 0 0 6 2 0
60 8 0 0 4 1 0 0 0 0
63 6 0 0 2 0 0 2 1 0
64 4 0 0 0 0 0 2 1 0
66 4 2 1 2 0 0 0 0 0
72 16 2 1 4 0 0 4 1 0
73 8 2 1 4 1 0 0 0 0
76 4 0 0 2 2 0 0 0 0
86 20 0 0 0 0 0 0 0 0
88 8 0 0 4 0 0 0 0 0
90 36 5 1 12 2 0 8 0 0
100 16 0 0 8 0 0 0 0 0
106 4 0 0 2 0 0 0 0 0
107 2 0 0 0 0 0 0 0 0
108 10 0 0 2 1 0 0 0 0
109 4 0 0 0 0 0 0 0 0
116 6 2 0 0 0 0 2 1 0
119 4 2 1 2 0 0 0 0 0
127 24 3 1 8 2 0 8 0 0
133 4 0 0 2 1 0 0 0 0
137 11 2 2 2 0 0 3 0 0
140 4 1 0 2 0 0 0 0 0
145 4 2 1 0 0 0 0 0 0
fl=/build/glibc-DY4NiR/glibc-2.24/elf/dl-addr.c
fn=_dl_addr
30 2 1 1 1 0 0 1 1 0
31 2 0 0 1 0 0 1 0 0
34 2 0 0 1 1 0 0 0 0
38 1 0 0 1 1 0 0 0 0
39 1 0 0 1 1 0 0 0 0
40 3 0 0 2 0 0 1 1 0
42 2 0 0 2 1 0 0 0 0
45 2 0 0 1 1 0 0 0 0
50 2030 1 1 2 1 0 0 0 0
52 1011 0 0 1011 297 20 0 0 0
53 2022 0 0 0 0 0 0 0 0
55 3628 0 0 907 209 0 0 0 0
61 11195 1 1 2239 757 436 0 0 0
63 8956 1 1 2239 0 0 0 0 0
64 16364 0 0 5120 727 331 0 0 0
69 2239 0 0 0 0 0 0 0 0
71 9060 1 1 2239 516 80 0 0 0
100 3 0 0 1 1 0 0 0 0
101 1 0 0 0 0 0 1 1 0
102 3 0 0 1 1 0 0 0 0
105 2 0 0 0 0 0 0 0 0
117 1 1 1 0 0 0 1 0 0
118 1 0 0 0 0 0 1 0 0
127 11 2 2 0 0 0 8 2 2
132 3 0 0 2 2 0 1 0 0
134 2 0 0 0 0 0 1 0 0
136 2 1 0 0 0 0 0 0 0
139 2 0 0 0 0 0 0 0 0
142 2 0 0 1 1 0 1 0 0
145 9 0 0 7 0 0 0 0 0
fl=/build/glibc-DY4NiR/glibc-2.24/elf/dl-cache.c
fn=_dl_cache_libcmp
139 180 1 1 60 12 0 0 0 0
141 177 0 0 0 0 0 0 0 0
143 4 1 1 1 0 0 0 0 0
149 2 0 0 0 0 0 0 0 0
150 2 0 0 0 0 0 0 0 0
151 5 0 0 1 0 0 0 0 0
153 5 0 0 1 0 0 0 0 0
155 2 0 0 0 0 0 0 0 0
161 232 2 2 58 11 10 0 0 0
163 116 0 0 0 0 0 0 0 0
164 33 0 0 11 11 0 0 0 0
167 47 0 0 0 0 0 0 0 0
168 47 0 0 0 0 0 0 0 0
171 3 0 0 2 1 0 0 0 0
fn=_dl_load_cache_lookup
185 9 1 1 0 0 0 6 0 0
193 2 0 0 1 1 0 0 0 0
196 3 0 0 1 1 0 0 0 0
199 5 1 1 0 0 0 1 1 1
207 5 1 1 1 0 0 0 0 0
208 6 0 0 0 0 0 1 0 0
212 1 0 0 0 0 0 1 0 0
215 4 0 0 1 1 0 0 0 0
218 2 1 1 0 0 0 1 0 0
219 3 0 0 0 0 0 0 0 0
220 5 0 0 0 0 0 1 1 0
247 3 1 1 1 0 0 0 0 0
256 3 0 0 0 0 0 0 0 0
262 5 0 0 0 0 0 2 0 0
266 7 1 1 2 1 0 3 0 0
267 4 0 0 2 0 0 0 0 0
281 279 8 8 38 15 9 19 1 0
297 2 0 0 1 0 0 0 0 0
301 2 0 0 1 0 0 0 0 0
309 9 1 1 1 0 0 1 0 0
310 3 0 0 0 0 0 1 1 0
311 2 0 0 0 0 0 1 0 0
312 8 0 0 7 1 0 0 0 0
fn=_dl_unload_cache
321 1 0 0 0 0 0 0 0 0
322 4 1 1 1 1 0 0 0 0
324 2 0 0 1 0 0 1 0 0
325 1 0 0 0 0 0 1 0 0
327 2 0 0 1 0 0 0 0 0
fl=/build/glibc-DY4NiR/glibc-2.24/elf/dl-debug.c
fn=_dl_debug_initialize
50 8 4 1 0 0 0 0 0 0
51 4 4 1 4 3 0 0 0 0
55 14 4 1 4 4 0 0 0 0
58 1 0 0 0 0 0 1 0 0
59 6 0 0 3 0 0 1 0 0
60 5 0 0 1 1 0 1 0 0
61 2 0 0 0 0 0 1 0 0
64 1 0 0 1 0 0 0 0 0
fn=_dl_debug_state
74 2 0 0 2 0 0 0 0 0
fl=/build/glibc-DY4NiR/glibc-2.24/elf/dl-deps.c
fn=_dl_map_object_deps
144 4 1 1 0 0 0 2 1 1
145 2 0 0 0 0 0 2 0 0
146 7 0 0 0 0 0 2 0 0
152 9 1 1 2 2 0 3 1 0
160 11 1 1 0 0 0 9 2 0
161 9 1 1 0 0 0 0 0 0
178 11 1 1 1 0 0 1 0 0
179 1 0 0 1 0 0 0 0 0
182 3 0 0 0 0 0 2 0 0
188 2 1 1 0 0 0 2 0 0
189 1 0 0 0 0 0 1 0 0
201 2 0 0 1 0 0 1 0 0
202 1 0 0 0 0 0 1 0 0
203 1 0 0 0 0 0 1 1 0
204 2 0 0 0 0 0 2 0 0
210 4 0 0 0 0 0 2 1 0
213 8 4 1 4 0 0 4 0 0
217 12 3 0 4 3 0 0 0 0
218 25 8 2 11 5 1 0 0 0
220 2 0 0 0 0 0 0 0 0
222 6 0 0 4 0 0 0 0 0
224 28 2 1 0 0 0 4 0 0
229 16 6 1 8 6 0 0 0 0
231 6 0 0 4 3 0 2 0 0
236 2 0 0 0 0 0 2 0 0
237 2 0 0 0 0 0 2 1 0
238 4 2 1 2 2 0 2 0 0
239 4 0 0 2 0 0 2 0 0
242 214 0 0 56 18 0 4 0 0
243 100 2 1 0 0 0 0 0 0
249 14 4 1 4 0 0 2 2 1
251 2 0 0 0 0 0 2 0 0
254 12 0 0 8 0 0 2 0 0
256 6 2 1 2 0 0 0 0 0
271 2 0 0 2 0 0 0 0 0
273 4 0 0 2 1 0 0 0 0
278 6 0 0 0 0 0 0 0 0
281 2 0 0 0 0 0 2 0 0
282 2 2 1 0 0 0 2 0 0
283 2 0 0 0 0 0 2 0 0
284 4 0 0 2 0 0 2 2 0
286 2 0 0 2 2 0 0 0 0
288 12 0 0 2 0 0 4 0 0
292 4 2 0 0 0 0 0 0 0
293 4 0 0 1 0 0 2 0 0
295 144 0 0 0 0 0 0 0 0
317 12 0 0 0 0 0 5 0 0
338 12 5 2 6 0 0 3 0 0
459 8 2 1 0 0 0 0 0 0
461 6 0 0 2 0 0 2 2 0
463 4 0 0 0 0 0 2 1 0
464 4 2 1 0 0 0 0 0 0
465 4 0 0 0 0 0 0 0 0
468 2 0 0 0 0 0 2 2 0
469 10 0 0 0 0 0 2 0 0
470 12 4 0 2 0 0 2 0 0
473 2 0 0 0 0 0 2 2 0
474 2 2 0 2 2 0 0 0 0
478 24 1 1 12 2 0 0 0 0
480 4 0 0 4 0 0 0 0 0
481 17 0 0 3 0 0 0 0 0
485 7 3 3 3 2 0 0 0 0
486 2 0 0 0 0 0 1 0 0
489 5 0 0 2 1 0 1 0 0
499 2 0 0 0 0 0 1 1 0
500 3 1 1 1 0 0 0 0 0
502 2 0 0 0 0 0 0 0 0
507 6 1 1 2 0 0 1 1 0
508 1 0 0 0 0 0 1 0 0
510 16 0 0 5 0 0 0 0 0
512 12 1 1 4 1 0 0 0 0
516 16 0 0 4 0 0 4 1 1
520 4 0 0 4 3 0 0 0 0
523 3 1 1 1 1 0 1 0 0
574 3 0 0 2 0 0 0 0 0
575 1 0 0 0 0 0 1 0 0
576 4 0 0 2 0 0 0 0 0
611 8 1 1 1 0 0 2 1 0
613 2 1 1 0 0 0 0 0 0
614 1 0 0 0 0 0 1 0 0
617 14 1 1 3 0 0 2 0 0
618 5 2 2 0 0 0 0 0 0
619 5 0 0 1 0 0 1 0 0
623 12 0 0 3 0 0 6 0 0
624 6 0 0 3 0 0 0 0 0
630 17 0 0 3 0 0 0 0 0
632 12 1 1 6 1 0 0 0 0
633 6 0 0 0 0 0 0 0 0
635 9 0 0 3 0 0 0 0 0
636 6 0 0 0 0 0 0 0 0
655 2 1 1 1 0 0 0 0 0
658 3 1 0 0 0 0 0 0 0
661 10 0 0 3 0 0 0 0 0
664 30 2 2 6 0 0 8 0 0
671 2 0 0 1 0 0 1 0 0
673 2 0 0 1 0 0 1 0 0
674 1 0 0 1 1 0 0 0 0
675 3 0 0 1 0 0 0 0 0
682 3 1 1 1 0 0 0 0 0
685 3 0 0 1 0 0 0 0 0
688 8 0 0 7 1 0 0 0 0
fn=openaux
60 4 2 1 0 0 0 2 0 0
63 14 1 0 8 1 0 4 3 0
65 8 0 0 2 2 0 0 0 0
67 2 0 0 2 1 0 0 0 0
68 4 0 0 4 0 0 0 0 0
fl=/build/glibc-DY4NiR/glibc-2.24/elf/dl-environ.c
fn=_dl_next_ld_env_entry
30 3 1 1 3 0 0 0 0 0
33 136 0 0 45 9 0 0 0 0
35 88 1 1 44 23 20 0 0 0
36 14 0 0 7 0 0 0 0 0
38 2 0 0 0 0 0 0 0 0
41 4 0 0 0 0 0 2 0 0
43 2 0 0 2 1 0 0 0 0
46 42 0 0 0 0 0 0 0 0
50 1 0 0 1 0 0 0 0 0
fl=/build/glibc-DY4NiR/glibc-2.24/elf/dl-error.c
fn=_dl_catch_error
163 12 3 1 0 0 0 9 0 0
175 6 0 0 0 0 0 6 6 4
176 6 3 1 0 0 0 6 0 0
177 6 0 0 0 0 0 6 1 0
178 6 0 0 0 0 0 3 0 0
180 3 0 0 3 3 0 3 2 2
181 6 0 0 3 3 0 3 0 0
182 9 0 0 0 0 0 6 1 0
185 18 3 1 0 0 0 3 0 0
187 9 0 0 6 0 0 3 0 0
188 9 2 0 6 2 0 3 2 0
189 6 0 0 3 0 0 3 1 0
190 6 0 0 3 1 0 3 0 0
191 6 3 1 3 0 0 3 2 0
199 12 0 0 6 2 0 0 0 0
fn=_dl_receive_error
205 10 2 1 0 0 0 6 0 0
206 2 0 0 1 0 0 1 1 0
210 1 0 0 1 1 0 0 0 0
211 1 0 0 1 1 0 0 0 0
214 1 0 0 0 0 0 1 0 0
215 1 0 0 0 0 0 1 0 0
217 2 0 0 0 0 0 1 0 0
219 1 0 0 0 0 0 1 1 0
220 1 0 0 0 0 0 1 1 0
221 8 1 1 7 1 0 0 0 0
fl=/build/glibc-DY4NiR/glibc-2.24/elf/dl-fini.c
fn=_dl_fini
130 8 2 2 0 0 0 6 1 0
150 16 1 0 4 1 1 2 0 0
153 2 1 1 1 1 1 1 1 0
155 1 0 0 1 1 1 0 0 0
158 2 0 0 0 0 0 0 0 0
160 8 1 1 3 2 0 1 0 0
165 1 0 0 0 0 0 1 0 0
168 7 0 0 0 0 0 0 0 0
173 14 0 0 4 1 1 0 0 0
175 8 0 0 4 4 1 0 0 0
177 8 1 1 0 0 0 0 0 0
179 8 0 0 0 0 0 4 0 0
180 4 0 0 0 0 0 4 3 3
181 4 0 0 0 0 0 0 0 0
185 4 0 0 4 3 1 0 0 0
187 6 1 1 1 1 0 0 0 0
188 2 0 0 1 0 0 0 0 0
192 5 0 0 1 0 0 1 0 0
201 2 0 0 1 1 0 1 0 0
206 16 3 2 5 1 0 1 0 0
208 4 0 0 4 0 0 0 0 0
210 12 0 0 4 2 0 0 0 0
213 8 0 0 0 0 0 4 0 0
216 12 0 0 4 4 4 0 0 0
217 6 0 0 2 2 2 0 0 0
220 4 1 1 2 2 0 0 0 0
231 4 0 0 4 4 0 0 0 0
232 2 0 0 2 0 0 0 0 0
233 4 0 0 2 0 0 0 0 0
234 14 2 1 2 2 2 0 0 0
235 4 0 0 2 2 2 2 0 0
239 4 0 0 0 0 0 0 0 0
240 6 0 0 4 2 2 2 0 0
246 24 0 0 8 4 1 0 0 0
262 8 0 0 4 2 0 0 0 0
268 6 2 2 2 0 0 0 0 0
274 2 0 0 1 0 0 0 0 0
281 8 0 0 7 1 0 0 0 0
fn=_dl_sort_fini
31 8 0 0 0 0 0 6 0 0
33 2 1 1 0 0 0 0 0 0
38 9 1 1 0 0 0 5 2 0
39 6 0 0 0 0 0 0 0 0
40 5 0 0 0 0 0 1 0 0
44 9 0 0 3 0 0 3 0 0
45 9 1 1 6 0 0 0 0 0
49 12 0 0 6 2 0 0 0 0
55 6 0 0 3 0 0 0 0 0
56 14 0 0 6 0 0 0 0 0
58 15 0 0 9 1 0 0 0 0
59 7 2 1 0 0 0 0 0 0
61 9 0 0 3 1 1 0 0 0
62 6 0 0 0 0 0 0 0 0
81 1 1 0 0 0 0 0 0 0
92 9 2 1 3 0 0 0 0 0
113 3 0 0 0 0 0 0 0 0
117 15 0 0 3 0 0 3 0 0
120 17 1 1 2 0 0 2 0 0
124 8 0 0 7 0 0 0 0 0
fl=/build/glibc-DY4NiR/glibc-2.24/elf/dl-hwcaps.c
fn=_dl_important_hwcaps
39 12 1 1 0 0 0 10 2 1
41 1 0 0 1 1 0 0 0 0
42 3 1 1 0 0 0 0 0 0
51 3 0 0 1 1 0 0 0 0
61 4 1 1 1 1 0 1 0 0
113 1 1 1 0 0 0 0 0 0
115 5 2 2 0 0 0 1 1 1
130 10 1 1 0 0 0 1 0 0
131 1 0 0 0 0 0 0 0 0
162 2 1 1 0 0 0 0 0 0
170 3 1 1 1 0 0 0 0 0
172 2 0 0 1 0 0 1 0 0
173 5 0 0 1 0 0 1 0 0
177 3 0 0 1 0 0 1 0 0
178 1 0 0 0 0 0 1 0 0
181 2 1 1 0 0 0 0 0 0
184 2 0 0 0 0 0 0 0 0
188 12 1 1 3 0 0 2 0 0
189 2 0 0 0 0 0 0 0 0
207 12 2 2 1 0 0 6 1 0
208 5 0 0 0 0 0 3 0 0
209 5 1 1 3 0 0 0 0 0
238 4 0 0 1 0 0 2 1 0
241 2 0 0 0 0 0 0 0 0
243 9 1 1 3 1 0 3 0 0
244 8 0 0 2 1 0 2 0 0
257 2 0 0 0 0 0 0 0 0
269 29 2 2 3 2 0 3 0 0
270 8 0 0 0 0 0 4 1 0
274 13 1 1 2 0 0 0 0 0
277 26 0 0 0 0 0 0 0 0
278 24 1 1 0 0 0 0 0 0
279 12 0 0 8 1 0 0 0 0
281 4 0 0 0 0 0 0 0 0
284 3 0 0 1 0 0 0 0 0
285 2 0 0 1 0 0 0 0 0
286 14 3 3 3 1 0 0 0 0
299 6 0 0 2 1 0 2 0 0
300 2 0 0 0 0 0 0 0 0
302 4 1 0 0 0 0 0 0 0
305 4 0 0 3 0 0 1 0 0
307 1 0 0 0 0 0 0 0 0
308 8 0 0 7 2 0 0 0 0
fl=/build/glibc-DY4NiR/glibc-2.24/elf/dl-init.c
fn=_dl_init
30 25 2 1 5 5 0 3 1 0
80 11 2 2 0 0 0 6 0 0
81 1 0 0 1 1 0 0 0 0
82 1 0 0 1 0 0 0 0 0
85 3 0 0 1 1 0 0 0 0
88 2 1 0 0 0 0 1 0 0
93 2 1 0 0 0 0 0 0 0
94 2 1 1 1 1 0 0 0 0
104 2 2 1 0 0 0 1 0 0
119 15 0 0 0 0 0 0 0 0
120 12 0 0 8 4 0 0 0 0
126 8 1 0 7 1 0 0 0 0
fn=call_init.part.0
28 21 0 0 0 0 0 15 2 0
36 12 2 0 4 1 0 4 0 0
39 16 0 0 8 8 0 0 0 0
40 2 1 0 0 0 0 0 0 0
44 15 1 1 3 3 0 0 0 0
45 3 1 1 1 1 0 0 0 0
49 4 0 0 2 0 0 0 0 0
58 14 1 0 6 4 0 2 0 0
62 4 0 0 0 0 0 0 0 0
68 6 0 0 4 0 0 0 0 0
70 4 2 1 4 2 0 0 0 0
71 14 0 0 0 0 0 0 0 0
72 10 1 0 2 2 0 2 0 0
74 19 0 0 19 1 0 0 0 0
fl=/build/glibc-DY4NiR/glibc-2.24/elf/dl-load.c
fn=_dl_init_paths
661 7 1 1 0 0 0 5 0 0
674 6 1 1 2 0 0 2 0 0
678 1 0 0 0 0 0 1 0 0
679 2 1 0 0 0 0 1 0 0
680 2 1 0 0 0 0 0 0 0
687 5 0 0 0 0 0 0 0 0
688 3 1 1 1 0 0 0 0 0
691 1 0 0 0 0 0 1 1 0
692 2 0 0 0 0 0 1 0 0
694 2 2 1 0 0 0 0 0 0
700 1 0 0 0 0 0 1 0 0
701 1 1 1 0 0 0 1 1 0
709 12 0 0 0 0 0 3 0 0
711 5 0 0 0 0 0 4 2 1
712 4 0 0 0 0 0 4 0 0
714 5 0 0 0 0 0 4 1 1
715 7 0 0 3 3 1 4 2 2
716 9 0 0 0 0 0 0 0 0
719 6 0 0 3 3 1 0 0 0
720 64 0 0 0 0 0 0 0 0
721 16 0 0 0 0 0 16 1 1
723 20 1 1 0 0 0 4 2 0
729 1 0 0 0 0 0 1 1 1
730 1 1 1 0 0 0 1 0 0
734 1 0 0 1 1 0 0 0 0
735 2 0 0 0 0 0 0 0 0
737 4 0 0 1 1 0 0 0 0
739 3 1 1 1 1 0 0 0 0
756 2 0 0 0 0 0 1 1 0
758 3 1 1 1 1 0 0 0 0
772 2 1 1 0 0 0 1 0 0
777 5 1 1 1 1 0 0 0 0
785 5 1 0 0 0 0 1 1 0
787 11 1 1 0 0 0 2 0 0
791 2 0 0 0 0 0 0 0 0
804 43 0 0 14 0 0 0 0 0
806 14 0 0 0 0 0 0 0 0
807 28 0 0 0 0 0 0 0 0
808 14 0 0 0 0 0 0 0 0
811 1 0 0 0 0 0 1 1 0
812 1 1 1 0 0 0 1 0 0
813 2 0 0 0 0 0 0 0 0
819 9 0 0 1 0 0 2 0 0
823 5 1 1 4 0 0 0 0 0
829 1 0 0 0 0 0 1 0 0
833 7 0 0 6 0 0 0 0 0
fn=_dl_map_object
638 9 2 2 3 3 0 0 0 0
2167 27 3 1 0 0 0 24 7 5
2169 2 0 0 0 0 0 0 0 0
2175 6 0 0 0 0 0 0 0 0
2176 12 3 1 3 3 0 0 0 0
2179 42 0 0 9 4 0 0 0 0
2184 49 3 1 7 6 0 0 0 0
2186 35 1 0 0 0 0 7 3 0
2190 12 0 0 6 2 0 0 0 0
2191 18 0 0 6 6 0 0 0 0
2194 2 0 0 2 2 0 0 0 0
2195 4 2 1 4 4 0 0 0 0
2196 8 0 0 0 0 0 2 0 0
2213 4 2 1 2 2 0 0 0 0
2214 6 2 1 0 0 0 2 2 0
2222 6 0 0 2 2 0 0 0 0
2256 2 0 0 0 0 0 2 2 2
2258 10 2 0 0 0 0 2 0 0
2262 4 1 1 0 0 0 2 1 0
2264 2 0 0 1 1 0 0 0 0
2271 4 0 0 1 1 0 0 0 0
2275 3 1 1 1 1 0 2 0 0
2280 3 0 0 1 1 0 0 0 0
2281 1 0 0 0 0 0 0 0 0
2283 10 1 1 0 0 0 4 0 0
2295 4 1 1 3 0 0 0 0 0
2296 8 0 0 2 0 0 1 1 0
2297 1 0 0 0 0 0 0 0 0
2306 2 1 1 1 0 0 0 0 0
2307 15 1 1 1 0 0 4 2 0
2313 3 1 0 0 0 0 0 0 0
2314 1 0 0 0 0 0 0 0 0
2322 1 0 0 0 0 0 1 1 1
2336 2 2 2 0 0 0 0 0 0
2338 3 0 0 1 1 0 0 0 0
2342 3 0 0 0 0 0 1 1 0
2344 2 1 0 0 0 0 0 0 0
2348 2 0 0 0 0 0 0 0 0
2356 3 0 0 1 1 0 0 0 0
2379 11 1 1 0 0 0 3 0 0
2383 5 1 0 2 0 0 0 0 0
2384 2 1 1 0 0 0 1 0 0
2401 2 1 1 1 1 0 0 0 0
2407 1 0 0 0 0 0 1 0 0
2409 6 1 1 0 0 0 1 0 0
2410 3 1 0 0 0 0 0 0 0
2414 11 1 1 0 0 0 3 0 0
2417 5 1 0 3 0 0 0 0 0
2429 8 0 0 2 1 0 0 0 0
2431 4 0 0 0 0 0 0 0 0
2475 4 3 1 2 2 0 2 0 0
2476 30 2 0 4 0 0 10 0 0
2478 27 3 0 21 6 0 0 0 0
fn=_dl_map_object_from_fd
871 30 4 2 0 0 0 20 3 2
881 8 0 0 2 0 0 4 2 1
882 2 0 0 0 0 0 2 0 0
897 31 0 0 11 7 0 0 0 0
898 10 2 1 5 5 0 0 0 0
915 4 2 1 2 2 0 0 0 0
939 8 0 0 2 0 0 2 1 0
949 4 2 1 2 2 0 0 0 0
971 8 0 0 4 3 0 0 0 0
1003 4 0 0 0 0 0 0 0 0
1006 16 2 1 10 1 0 2 0 0
1007 4 0 0 0 0 0 0 0 0
1018 4 0 0 2 2 0 2 2 2
1019 8 0 0 4 1 0 4 1 0
1020 4 0 0 2 1 0 2 0 0
1022 6 2 1 0 0 0 0 0 0
1023 8 0 0 4 0 0 0 0 0
1024 2 0 0 0 0 0 0 0 0
1041 2 0 0 0 0 0 2 0 0
1043 18 2 1 0 0 0 2 0 0
1051 131 2 1 17 1 0 4 1 0
1052 127 2 1 17 9 2 0 0 0
1058 4 2 1 2 1 0 2 1 0
1059 6 0 0 2 2 0 2 0 0
1060 2 0 0 0 0 0 0 0 0
1063 2 1 0 1 0 0 1 0 0
1064 1 0 0 0 0 0 0 0 0
1069 20 3 2 8 3 0 0 0 0
1074 32 0 0 8 0 0 0 0 0
1082 16 0 0 0 0 0 0 0 0
1083 16 0 0 0 0 0 4 2 2
1084 20 2 1 4 0 0 4 0 0
1085 4 0 0 0 0 0 4 1 1
1086 8 0 0 4 0 0 4 0 0
1087 8 0 0 0 0 0 4 1 1
1091 8 0 0 0 0 0 0 0 0
1092 12 0 0 6 2 0 2 0 0
1096 8 0 0 0 0 0 0 0 0
1097 28 2 1 4 0 0 4 0 0
1107 4 0 0 0 0 0 0 0 0
1110 3 0 0 1 1 1 0 0 0
1114 1 1 1 0 0 0 1 1 1
1115 2 0 0 1 0 0 1 0 0
1116 2 0 0 0 0 0 0 0 0
1119 11 1 0 1 0 0 1 1 1
1120 2 0 0 1 0 0 1 0 0
1123 1 0 0 0 0 0 1 0 0
1127 4 1 0 1 1 0 0 0 0
1133 2 0 0 0 0 0 2 1 1
1134 1 0 0 0 0 0 0 0 0
1138 8 0 0 2 2 0 2 0 0
1167 10 0 0 0 0 0 4 0 0
1189 4 1 1 2 0 0 2 0 0
1190 2 0 0 0 0 0 0 0 0
1193 4 1 1 2 1 0 2 1 0
1194 4 0 0 2 0 0 2 0 0
1195 2 0 0 0 0 0 0 0 0
1198 8 2 1 4 1 0 0 0 0
1207 4 0 0 0 0 0 0 0 0
1217 18 2 1 6 3 0 4 1 0
1229 8 2 1 4 2 0 0 0 0
1233 2 1 1 1 0 0 0 0 0
1238 6 0 0 2 0 0 2 0 0
1245 4 0 0 0 0 0 0 0 0
1260 6 2 1 2 1 0 0 0 0
1279 4 0 0 2 1 0 2 0 0
1281 10 2 1 4 4 0 0 0 0
1335 6 0 0 2 2 1 0 0 0
1336 2 0 0 1 1 0 1 1 0
1339 8 0 0 2 0 0 2 2 0
1348 4 2 1 2 1 0 0 0 0
1350 8 0 0 4 1 0 2 0 0
1352 4 0 0 2 2 0 0 0 0
1368 4 0 0 0 0 0 2 0 0
1372 4 2 0 2 2 0 0 0 0
1373 4 0 0 2 2 0 0 0 0
1390 4 2 1 2 1 0 0 0 0
1391 2 1 0 0 0 0 1 1 0
1394 6 0 0 2 1 0 4 2 0
1399 4 0 0 2 1 0 0 0 0
1409 4 2 1 2 2 0 0 0 0
1419 6 0 0 2 1 0 2 1 0
1423 6 2 0 2 2 0 0 0 0
1443 18 2 0 14 3 0 0 0 0
fn=expand_dynamic_string_token
362 16 2 1 0 0 0 10 0 0
372 10 4 1 0 0 0 2 1 1
376 4 0 0 0 0 0 0 0 0
387 10 0 0 10 0 0 0 0 0
fn=fillin_rpath
433 16 2 2 0 0 0 12 0 0
435 1 0 0 0 0 0 0 0 0
438 10 1 0 4 0 0 2 1 0
442 5 0 0 1 0 0 1 0 0
444 3 0 0 0 0 0 1 0 0
448 2 0 0 0 0 0 0 0 0
451 1 1 1 0 0 0 0 0 0
455 7 1 1 1 0 0 0 0 0
460 4 1 1 0 0 0 1 0 0
463 3 2 2 1 0 0 0 0 0
470 15 1 1 5 1 0 0 0 0
471 8 0 0 4 4 0 0 0 0
489 4 2 2 1 0 0 1 0 0
492 2 0 0 0 0 0 1 0 0
493 5 1 1 2 1 0 1 0 0
495 3 2 1 1 0 0 0 0 0
499 1 0 0 0 0 0 1 1 1
500 1 0 0 0 0 0 0 0 0
501 4 0 0 0 0 0 2 0 0
502 1 0 0 0 0 0 1 0 0
504 2 0 0 1 1 0 0 0 0
510 4 1 1 1 0 0 0 0 0
511 17 0 0 1 0 0 0 0 0
512 4 0 0 0 0 0 4 0 0
514 2 0 0 1 0 0 1 0 0
515 3 0 0 1 0 0 0 0 0
520 2 0 0 0 0 0 1 0 0
522 3 1 0 1 0 0 1 0 0
523 1 0 0 0 0 0 1 0 0
526 2 1 0 0 0 0 1 0 0
528 3 0 0 0 0 0 1 0 0
532 1 1 0 0 0 0 1 0 0
535 9 0 0 7 0 0 0 0 0
fn=open_path
2018 8 2 2 0 0 0 6 0 0
2019 2 0 0 1 0 0 1 1 1
2022 1 0 0 0 0 0 1 0 0
2023 1 0 0 0 0 0 1 0 0
2025 2 0 0 0 0 0 0 0 0
2030 15 2 2 3 1 0 6 1 1
2037 1 0 0 0 0 0 0 0 0
2042 4 0 0 0 0 0 1 0 0
2049 6 2 1 2 1 0 1 1 1
2050 23 1 1 4 0 0 0 0 0
2053 8 0 0 4 0 0 0 0 0
2057 32 3 1 16 4 0 8 0 0
2058 16 0 0 4 0 0 0 0 0
2060 8 0 0 0 0 0 4 0 0
2063 12 0 0 4 3 0 0 0 0
2066 40 1 1 20 4 0 8 0 0
2068 20 0 0 12 0 0 0 0 0
2070 8 4 1 0 0 0 0 0 0
2075 8 4 1 4 0 0 0 0 0
2076 36 1 1 16 6 0 0 0 0
2082 20 0 0 9 4 0 5 0 0
2084 24 1 1 4 0 0 4 0 0
2085 4 0 0 1 1 1 0 0 0
2087 6 0 0 0 0 0 3 0 0
2089 3 1 1 0 0 0 1 0 0
2094 8 0 0 0 0 0 0 0 0
2096 4 0 0 2 0 0 1 0 0
2104 7 0 0 2 2 0 1 0 0
2132 2 0 0 0 0 0 0 0 0
2135 7 1 1 1 0 0 0 0 0
2140 1 0 0 1 0 0 0 0 0
2142 5 0 0 3 1 0 0 0 0
2145 3 0 0 1 0 0 0 0 0
2159 9 0 0 7 1 0 0 0 0
fn=open_verify.constprop.8
1695 84 3 1 6 0 0 54 1 1
1734 18 0 0 6 2 0 0 0 0
1765 30 6 1 6 0 0 12 2 2
1767 14 0 0 0 0 0 0 0 0
1777 2 0 0 0 0 0 2 2 0
1778 4 0 0 0 0 0 2 2 0
1783 16 2 1 4 0 0 4 1 0
1785 4 0 0 0 0 0 0 0 0
1787 6 0 0 2 0 0 2 0 0
1789 4 0 0 0 0 0 0 0 0
1795 4 0 0 0 0 0 0 0 0
1804 2 1 1 1 0 0 0 0 0
1811 38 5 3 5 0 0 5 0 0
1885 4 0 0 2 0 0 0 0 0
1890 4 0 0 2 0 0 0 0 0
1892 8 0 0 2 0 0 0 0 0
1898 4 0 0 0 0 0 0 0 0
1909 4 2 1 2 2 2 0 0 0
1915 8 0 0 2 0 0 0 0 0
1916 8 0 0 2 0 0 0 0 0
1917 4 0 0 2 0 0 0 0 0
1937 82 2 1 0 0 0 0 0 0
1939 36 0 0 17 10 10 0 0 0
1943 8 2 1 4 0 0 0 0 0
1944 6 0 0 2 0 0 0 0 0
1953 18 2 1 0 0 0 3 0 0
1956 2 0 0 0 0 0 0 0 0
1957 6 0 0 2 0 0 0 0 0
1958 6 0 0 2 0 0 0 0 0
1960 6 0 0 0 0 0 0 0 0
1965 1 0 0 0 0 0 0 0 0
1966 1 0 0 0 0 0 0 0 0
1969 2 0 0 0 0 0 0 0 0
1972 2 0 0 1 1 1 0 0 0
1973 4 0 0 1 0 0 0 0 0
1974 1 1 0 1 0 0 0 0 0
1975 3 0 0 1 0 0 0 0 0
1976 5 0 0 1 1 0 0 0 0
1981 4 1 0 0 0 0 4 0 0
2004 54 7 2 48 2 0 0 0 0
fl=/build/glibc-DY4NiR/glibc-2.24/elf/dl-lookup.c
fn=_dl_lookup_symbol_x
572 5882 0 0 1400 134 88 0 0 0
573 5224 94 3 0 0 0 0 0 0
810 1410 183 6 94 8 0 940 146 9
812 188 0 0 0 0 0 94 90 3
813 188 94 3 0 0 0 188 4 1
816 94 0 0 94 94 2 0 0 0
820 354 0 0 83 8 0 0 0 0
824 940 0 0 282 0 0 376 68 0
825 188 0 0 0 0 0 0 0 0
827 188 0 0 188 88 0 0 0 0
831 332 94 3 10 10 0 0 0 0
833 1222 179 6 658 16 0 658 88 7
836 282 94 0 0 0 0 0 0 0
839 10 10 0 0 0 0 0 0 0
862 282 0 0 188 18 0 0 0 0
864 70 10 1 20 19 0 0 0 0
879 10 10 1 0 0 0 10 3 0
880 20 0 0 0 0 0 0 0 0
883 84 0 0 84 84 0 0 0 0
884 588 84 3 168 45 0 0 0 0
915 84 0 0 0 0 0 0 0 0
924 336 0 0 84 18 0 0 0 0
938 252 0 0 84 84 2 0 0 0
939 2 1 1 0 0 0 1 0 0
941 336 84 3 168 89 0 0 0 0
946 84 0 0 0 0 0 84 2 0
948 846 10 0 658 98 0 0 0 0
fn=_dl_setup_hash
959 12 4 1 4 1 0 0 0 0
963 4 0 0 4 2 0 0 0 0
967 8 0 0 4 4 4 4 3 0
968 4 0 0 4 0 0 0 0 0
969 4 0 0 4 1 1 0 0 0
971 12 4 1 0 0 0 0 0 0
972 4 0 0 0 0 0 4 0 0
973 12 0 0 4 0 0 4 0 0
975 4 0 0 0 0 0 4 1 0
976 8 0 0 0 0 0 0 0 0
978 4 0 0 0 0 0 4 0 0
980 16 0 0 4 1 0 4 1 0
fn=check_match
92 672 14 3 168 79 10 336 42 3
95 588 0 0 168 11 6 0 0 0
107 504 84 3 84 0 0 84 84 4
110 456 1 0 40 2 0 20 1 0
114 84 84 3 84 17 0 0 0 0
115 168 0 0 0 0 0 0 0 0
117 166 0 0 0 0 0 0 0 0
136 166 0 0 166 87 8 0 0 0
137 664 0 0 249 183 2 0 0 0
138 498 166 6 166 0 0 83 16 0
165 2 1 0 0 0 0 0 0 0
167 6 0 0 2 1 0 0 0 0
168 4 1 0 0 0 0 0 0 0
176 84 0 0 0 0 0 0 0 0
183 504 83 3 420 76 0 0 0 0
fn=do_lookup_x
267 28 4 1 20 1 0 0 0 0
311 214 0 0 0 0 0 0 0 0
355 1128 188 6 94 0 0 940 216 9
356 94 0 0 94 94 2 0 0 0
362 94 0 0 94 0 0 0 0 0
366 596 0 0 596 405 10 0 0 0
369 596 0 0 0 0 0 0 0 0
373 1160 94 3 94 0 0 188 0 0
377 596 0 0 298 298 6 0 0 0
381 596 94 3 298 281 2 0 0 0
387 894 0 0 298 276 4 0 0 0
391 298 0 0 0 0 0 298 36 0
392 298 0 0 0 0 0 298 0 0
395 894 0 0 596 561 8 298 287 0
396 894 94 3 596 192 2 298 172 0
399 298 0 0 298 109 0 0 0 0
400 596 0 0 0 0 0 0 0 0
402 298 0 0 298 298 39 0 0 0
403 564 0 0 94 0 0 188 0 0
404 596 0 0 596 180 0 0 0 0
407 1490 0 0 596 187 0 0 0 0
410 2086 90 3 0 0 0 0 0 0
413 176 0 0 176 92 46 0 0 0
414 352 168 6 0 0 0 0 0 0
415 176 0 0 0 0 0 0 0 0
417 1144 84 3 264 28 0 440 96 0
420 855 0 0 171 93 63 0 0 0
422 336 0 0 84 12 0 0 0 0
423 1092 168 6 588 10 0 504 84 3
424 168 0 0 0 0 0 0 0 0
427 252 3 0 0 0 0 0 0 0
430 261 0 0 0 0 0 0 0 0
439 756 84 3 420 106 0 0 0 0
461 8 4 1 4 0 0 0 0 0
469 168 84 3 84 0 0 0 0 0
520 168 0 0 0 0 0 0 0 0
523 624 0 0 84 0 0 0 0 0
527 36 12 1 12 12 1 0 0 0
539 168 72 2 84 16 0 84 84 0
540 84 0 0 0 0 0 84 0 0
541 168 0 0 0 0 0 0 0 0
557 1460 0 0 558 181 0 0 0 0
558 165 66 2 0 0 0 33 10 3
561 642 83 1 0 0 0 0 0 0
564 10 0 0 0 0 0 0 0 0
565 752 84 0 658 61 0 0 0 0
fl=/build/glibc-DY4NiR/glibc-2.24/elf/dl-minimal.c
fn=__libc_memalign
52 6 0 0 0 0 0 4 0 0
53 87 37 1 43 17 0 0 0 0
58 3 0 0 0 0 0 1 0 0
59 2 1 1 1 1 0 0 0 0
60 2 0 0 0 0 0 0 0 0
64 66 1 1 0 0 0 22 0 0
65 22 0 0 0 0 0 0 0 0
67 146 0 0 0 0 0 0 0 0
72 8 2 1 2 1 0 0 0 0
73 4 0 0 0 0 0 0 0 0
75 2 0 0 0 0 0 0 0 0
76 16 0 0 0 0 0 2 0 0
78 10 2 0 4 0 0 0 0 0
82 6 0 0 0 0 0 2 0 0
85 22 18 0 0 0 0 22 0 0
86 22 20 1 0 0 0 22 0 0
88 50 0 0 26 1 0 0 0 0
fn=calloc
101 8 7 1 0 0 0 0 0 0
105 8 0 0 0 0 0 0 0 0
108 16 0 0 0 0 0 0 0 0
109 24 0 0 0 0 0 0 0 0
112 8 0 0 0 0 0 0 0 0
fn=free
118 1 1 1 0 0 0 1 0 0
120 3 0 0 1 1 0 0 0 0
127 2 0 0 2 0 0 0 0 0
fn=malloc
92 21 12 0 0 0 0 0 0 0
93 42 0 0 0 0 0 0 0 0
fn=strsep
352 6 1 1 2 2 0 0 0 0
354 2 0 0 2 2 0 0 0 0
355 4 0 0 0 0 0 0 0 0
359 91 2 1 15 0 0 0 0 0
364 56 0 0 0 0 0 0 0 0
366 112 0 0 28 1 0 0 0 0
374 14 0 0 0 0 0 0 0 0
377 1 0 0 0 0 0 1 1 0
381 2 0 0 2 0 0 0 0 0
fl=/build/glibc-DY4NiR/glibc-2.24/elf/dl-misc.c
fn=_dl_name_match_p
288 235 39 3 0 0 0 94 18 0
289 188 47 0 47 38 0 47 2 1
290 50 0 0 0 0 0 0 0 0
292 47 0 0 47 16 0 0 0 0
294 190 0 0 0 0 0 0 0 0
295 255 29 3 51 47 4 51 2 0
298 48 48 0 48 1 0 0 0 0
300 44 0 0 0 0 0 0 0 0
301 235 0 0 141 3 0 0 0 0
fn=_dl_sysdep_read_whole_file
45 8 2 2 0 0 0 4 0 0
52 3 0 0 0 0 0 1 0 0
53 2 0 0 0 0 0 0 0 0
55 7 0 0 0 0 0 1 0 0
57 2 0 0 1 0 0 1 0 0
60 2 0 0 0 0 0 0 0 0
62 8 1 1 0 0 0 1 0 0
73 2 0 0 0 0 0 1 0 0
76 7 0 0 5 0 0 0 0 0
fl=/build/glibc-DY4NiR/glibc-2.24/elf/dl-object.c
fn=_dl_add_to_namespace_list
32 15 3 1 0 0 0 9 0 0
34 9 0 0 3 2 0 3 1 0
36 22 3 1 3 2 0 0 0 0
39 15 0 0 5 5 0 0 0 0
41 2 0 0 0 0 0 2 1 0
43 2 0 0 0 0 0 2 0 0
46 2 1 0 0 0 0 1 0 0
47 9 0 0 3 0 0 0 0 0
48 6 2 0 3 3 0 3 2 0
49 6 0 0 0 0 0 3 1 0
51 6 0 0 3 1 0 0 0 0
52 9 0 0 9 0 0 0 0 0
fn=_dl_new_object
61 39 6 2 0 0 0 27 3 2
62 18 0 0 0 0 0 3 1 1
68 15 3 0 6 3 1 0 0 0
69 21 3 1 0 0 0 0 0 0
75 18 0 0 0 0 0 9 0 0
78 6 3 0 0 0 0 0 0 0
81 3 3 1 0 0 0 3 3 2
82 9 0 0 3 0 0 3 3 3
86 6 0 0 0 0 0 3 1 1
87 21 0 0 6 0 0 9 3 2
89 3 0 0 0 0 0 3 0 0
97 18 3 1 6 2 0 3 1 1
98 18 0 0 6 3 3 3 1 0
101 6 0 0 3 3 0 0 0 0
102 8 3 1 2 0 0 3 3 3
103 3 3 1 0 0 0 3 1 1
107 3 0 0 0 0 0 3 0 0
110 44 0 0 0 0 0 0 0 0
112 32 0 0 0 0 0 16 4 4
122 6 0 0 0 0 0 3 0 0
123 3 3 1 0 0 0 3 3 3
128 18 0 0 3 3 1 0 0 0
130 8 0 0 0 0 0 2 1 1
133 8 2 2 0 0 0 0 0 0
137 6 2 0 2 2 0 0 0 0
141 12 3 2 0 0 0 0 0 0
149 1 0 0 0 0 0 1 0 0
152 6 0 0 0 0 0 3 1 1
155 9 3 1 0 0 0 3 1 0
157 14 0 0 2 0 0 4 0 0
161 8 0 0 2 0 0 0 0 0
165 6 2 0 0 0 0 2 0 0
166 8 2 0 0 0 0 0 0 0
211 48 4 1 4 0 0 2 0 0
216 42 0 0 0 0 0 0 0 0
217 88 0 0 42 1 0 0 0 0
222 4 0 0 0 0 0 2 0 0
225 2 0 0 0 0 0 2 1 0
229 27 0 0 21 4 0 0 0 0
fl=/build/glibc-DY4NiR/glibc-2.24/elf/dl-open.c
fn=_dl_find_dso_for_object
182 5 2 2 1 1 0 0 0 0
183 10 1 1 3 3 0 0 0 0
184 12 0 0 6 4 0 0 0 0
185 2 0 0 1 1 0 0 0 0
188 2 0 0 1 1 0 0 0 0
192 1 0 0 1 0 0 0 0 0
fl=/build/glibc-DY4NiR/glibc-2.24/elf/dl-reloc.c
fn=_dl_protect_relro
313 8 4 1 0 0 0 4 0 0
314 24 0 0 12 5 0 0 0 0
317 12 4 1 4 0 0 0 0 0
321 8 0 0 0 0 0 0 0 0
322 20 0 0 0 0 0 4 2 0
328 8 0 0 8 1 0 0 0 0
fn=_dl_relocate_object
149 48 4 1 0 0 0 32 6 0
156 4 0 0 0 0 0 4 4 0
159 8 0 0 0 0 0 0 0 0
160 16 0 0 0 0 0 8 6 0
164 8 0 0 0 0 0 0 0 0
165 24 4 1 4 4 0 4 0 0
171 8 0 0 4 1 0 0 0 0
177 12 0 0 4 0 0 0 0 0
178 8 3 1 4 4 0 0 0 0
181 8 4 1 4 2 0 0 0 0
188 8 0 0 4 1 0 0 0 0
232 12 0 0 8 7 0 4 3 0
259 182 12 4 52 26 0 54 8 0
262 16 0 0 4 0 0 0 0 0
286 4 0 0 4 4 0 0 0 0
289 8 0 0 4 0 0 0 0 0
306 8 3 0 4 4 0 0 0 0
307 8 0 0 0 0 0 4 0 0
308 32 0 0 28 4 0 0 0 0
fl=/build/glibc-DY4NiR/glibc-2.24/elf/dl-tls.c
fn=_dl_add_to_slotinfo
890 4 1 1 0 0 0 3 0 0
896 2 0 0 1 0 0 0 0 0
899 1 0 0 1 1 0 0 0 0
904 3 1 1 1 1 0 0 0 0
945 1 0 0 0 0 0 1 1 0
946 5 0 0 1 1 0 1 0 0
947 4 0 0 4 1 0 0 0 0
fn=_dl_allocate_tls_init
449 8 1 1 0 0 0 7 0 0
450 2 0 0 0 0 0 0 0 0
454 3 0 0 1 1 0 1 1 0
456 2 0 0 0 0 0 1 0 0
457 1 0 0 0 0 0 0 0 0
460 3 1 1 2 2 0 0 0 0
472 1 0 0 1 0 0 0 0 0
477 9 1 0 3 2 0 0 0 0
483 17 1 1 3 3 0 1 0 0
486 1 1 1 1 1 0 0 0 0
487 2 0 0 0 0 0 0 0 0
493 3 0 0 2 0 0 0 0 0
494 2 0 0 0 0 0 0 0 0
496 5 1 1 2 1 0 1 0 0
497 1 0 0 0 0 0 1 0 0
499 2 0 0 0 0 0 0 0 0
500 2 0 0 1 0 0 0 0 0
503 2 0 0 0 0 0 0 0 0
504 4 0 0 2 1 0 0 0 0
506 2 1 1 0 0 0 0 0 0
507 3 0 0 1 0 0 0 0 0
515 7 0 0 1 0 0 2 0 0
529 2 1 1 1 0 0 1 0 0
532 9 0 0 8 1 0 0 0 0
fn=_dl_allocate_tls_storage
354 3 1 1 0 0 0 2 0 0
356 1 0 0 1 0 0 0 0 0
367 3 1 1 1 0 0 1 1 0
368 2 1 0 0 0 0 0 0 0
375 2 0 0 0 0 0 0 0 0
379 297 1 1 0 0 0 289 37 36
390 2 0 0 0 0 0 1 1 0
391 2 0 0 0 0 0 0 0 0
396 4 0 0 3 1 0 0 0 0
fn=_dl_count_modids
115 2 1 1 1 1 0 0 0 0
116 2 0 0 2 0 0 0 0 0
fn=_dl_determine_tlsoffset
138 5 0 0 0 0 0 5 1 0
144 3 2 2 1 1 0 0 0 0
147 2 0 0 1 0 0 0 0 0
183 12 1 1 2 1 1 0 0 0
185 10 1 1 1 0 0 0 0 0
187 3 0 0 1 1 0 0 0 0
188 2 1 1 1 1 0 0 0 0
190 2 0 0 0 0 0 0 0 0
192 5 0 0 1 0 0 0 0 0
208 8 0 0 0 0 0 0 0 0
210 2 0 0 0 0 0 0 0 0
211 2 1 1 0 0 0 0 0 0
220 1 0 0 0 0 0 1 0 0
223 1 0 0 0 0 0 1 0 0
224 1 0 0 0 0 0 1 0 0
275 1 0 0 0 0 0 1 0 0
276 6 0 0 6 1 0 0 0 0
fn=_dl_next_tls_modid
52 4 1 1 2 1 0 0 0 0
100 2 0 0 1 0 0 1 0 0
fn=allocate_dtv
314 4 1 1 0 0 0 2 0 0
321 2 0 0 1 1 0 0 0 0
322 3 1 1 0 0 0 1 0 0
323 2 0 0 0 0 0 0 0 0
326 2 0 0 0 0 0 1 1 1
332 2 0 0 0 0 0 1 1 0
338 4 0 0 3 1 0 0 0 0
fl=/build/glibc-DY4NiR/glibc-2.24/elf/dl-version.c
fn=_dl_check_all_versions
380 5 1 1 0 0 0 4 0 0
384 19 2 0 4 3 0 0 0 0
385 4 0 0 0 0 0 0 0 0
386 40 1 1 4 3 0 4 0 0
389 7 1 1 5 1 0 0 0 0
fn=_dl_check_map_versions
56 24 2 1 4 3 0 0 0 0
57 5 0 0 5 1 0 0 0 0
58 35 2 1 0 0 0 7 1 0
174 32 3 1 0 0 0 24 0 0
175 2 0 0 0 0 0 0 0 0
183 2 1 1 0 0 0 0 0 0
189 12 0 0 4 4 0 0 0 0
191 8 0 0 4 4 0 4 0 0
193 8 0 0 4 1 0 4 0 0
194 20 3 1 4 3 0 12 2 0
196 8 0 0 0 0 0 0 0 0
199 6 0 0 4 4 0 2 1 0
203 10 0 0 2 2 2 0 0 0
220 6 0 0 6 1 0 0 0 0
228 6 0 0 2 0 0 0 0 0
233 9 1 0 4 0 0 0 0 0
237 50 4 1 26 19 1 6 2 0
239 3 0 0 3 0 0 0 0 0
244 18 3 1 9 4 0 0 0 0
247 9 0 0 3 0 0 0 0 0
256 8 0 0 4 1 0 0 0 0
270 9 1 1 4 0 0 0 0 0
273 8 0 0 6 3 0 0 0 0
276 124 0 0 31 13 9 0 0 0
279 93 0 0 31 4 4 0 0 0
283 29 0 0 0 0 0 0 0 0
287 6 1 1 0 0 0 0 0 0
292 3 0 0 0 0 0 3 3 0
293 12 1 1 0 0 0 3 1 0
294 6 0 0 0 0 0 0 0 0
302 3 0 0 0 0 0 3 1 0
305 9 2 1 6 4 0 3 3 0
307 9 0 0 3 0 0 0 0 0
310 8 0 0 6 3 0 0 0 0
314 6 0 0 2 1 0 0 0 0
317 9 0 0 3 0 0 0 0 0
319 9 0 0 0 0 0 0 0 0
321 15 2 1 3 0 0 3 0 0
322 9 0 0 0 0 0 3 2 2
323 9 0 0 3 0 0 3 1 1
324 9 0 0 3 0 0 3 0 0
327 9 0 0 3 0 0 0 0 0
332 1 0 0 0 0 0 0 0 0
335 6 0 0 2 0 0 0 0 0
345 9 3 1 3 1 0 0 0 0
348 8 0 0 6 1 0 0 0 0
352 29 0 0 29 2 0 0 0 0
354 62 0 0 31 6 0 0 0 0
358 29 0 0 29 0 0 0 0 0
359 145 0 0 29 0 0 29 13 8
360 87 0 0 29 1 0 29 1 0
361 29 0 0 0 0 0 29 4 3
364 95 2 0 31 6 0 0 0 0
368 29 0 0 0 0 0 0 0 0
374 36 0 0 28 3 0 0 0 0
fn=match_symbol
76 39 3 2 0 0 0 24 2 0
77 6 0 0 6 4 0 0 0 0
85 6 0 0 3 1 0 0 0 0
91 9 0 0 3 3 0 0 0 0
106 3 2 1 3 3 0 0 0 0
107 6 0 0 0 0 0 0 0 0
109 3 0 0 3 1 0 0 0 0
114 20 0 0 10 5 3 0 0 0
128 20 0 0 10 0 0 0 0 0
130 3 3 1 3 0 0 0 0 0
133 18 1 0 3 0 0 3 0 0
140 21 0 0 7 0 0 0 0 0
144 7 0 0 0 0 0 0 0 0
168 24 3 1 21 1 0 0 0 0
fl=/build/glibc-DY4NiR/glibc-2.24/elf/do-rel.h
fn=_dl_relocate_object
46 8 0 0 0 0 0 0 0 0
47 16 4 0 0 0 0 8 0 0
48 8 0 0 8 7 0 0 0 0
58 16 0 0 0 0 0 0 0 0
61 81 3 1 3 0 0 0 0 0
63 84 3 1 21 8 7 0 0 0
65 26 0 0 0 0 0 0 0 0
74 6 0 0 0 0 0 0 0 0
75 28 1 0 1 1 0 0 0 0
76 16 0 0 8 1 0 0 0 0
83 10 5 1 5 5 0 5 1 0
84 5 3 1 5 3 0 0 0 0
86 10 0 0 0 0 0 0 0 0
98 15 0 0 0 0 0 0 0 0
108 6 0 0 0 0 0 0 0 0
111 3591 0 0 0 0 0 0 0 0
112 2388 0 0 1194 13 0 0 0 0
118 15 2 0 5 5 0 0 0 0
121 8 0 0 4 3 0 4 0 0
124 311 0 0 104 20 0 3 3 0
127 388 92 0 97 32 23 0 0 0
136 388 0 0 194 89 40 0 0 0
137 388 83 1 97 7 0 97 0 0
138 337 80 1 97 95 0 0 0 0
139 194 0 0 97 5 0 0 0 0
143 6 3 1 0 0 0 0 0 0
160 27 8 3 8 0 0 2 0 0
162 24 0 0 6 2 2 0 0 0
170 36 1 1 6 0 0 6 0 0
171 12 0 0 6 0 0 0 0 0
174 2 0 0 0 0 0 0 0 0
fn=_dl_start
83 1 0 0 1 1 0 0 0 0
84 1 0 0 1 0 0 0 0 0
111 33 0 0 0 0 0 0 0 0
112 20 1 1 10 2 2 0 0 0
116 2 0 0 1 1 0 0 0 0
124 22 0 0 0 0 0 0 0 0
136 18 0 0 6 1 1 0 0 0
137 12 0 0 0 0 0 0 0 0
139 12 0 0 6 0 0 0 0 0
fl=/build/glibc-DY4NiR/glibc-2.24/elf/get-dynamic-info.h
fn=_dl_map_object_from_fd
39 4 0 0 0 0 0 0 0 0
43 2 0 0 0 0 0 0 0 0
45 141 2 1 47 14 13 0 0 0
47 90 2 1 0 0 0 0 0 0
60 42 0 0 0 0 0 0 0 0
61 71 0 0 0 0 0 43 13 11
62 8 0 0 0 0 0 0 0 0
64 2 0 0 0 0 0 0 0 0
65 10 0 0 0 0 0 0 0 0
67 2 0 0 0 0 0 0 0 0
68 8 2 1 0 0 0 0 0 0
69 2 0 0 0 0 0 0 0 0
70 8 2 0 0 0 0 2 1 0
71 45 0 0 0 0 0 0 0 0
78 4 2 1 0 0 0 0 0 0
98 7 0 0 3 1 0 0 0 0
99 8 0 0 4 0 0 0 0 0
100 8 0 0 4 2 0 0 0 0
101 8 2 1 4 0 0 0 0 0
103 8 0 0 4 0 0 0 0 0
108 8 0 0 4 0 0 0 0 0
109 7 0 0 3 2 1 0 0 0
110 8 2 1 4 2 0 0 0 0
116 6 0 0 2 0 0 0 0 0
121 4 0 0 2 1 0 0 0 0
128 4 0 0 2 0 0 0 0 0
129 6 0 0 4 0 0 0 0 0
145 6 0 0 2 0 0 0 0 0
150 2 1 0 1 1 0 1 1 0
152 2 0 0 0 0 0 0 0 0
154 2 0 0 0 0 0 0 0 0
156 2 0 0 0 0 0 0 0 0
159 6 1 1 2 1 0 0 0 0
161 4 1 1 1 0 0 1 1 0
169 2 0 0 1 1 0 0 0 0
174 2 0 0 0 0 0 0 0 0
177 4 1 0 2 0 0 0 0 0
fn=_dl_start
45 57 1 1 19 7 6 0 0 0
47 36 1 1 0 0 0 0 0 0
48 1 0 0 0 0 0 0 0 0
60 21 0 0 0 0 0 0 0 0
61 29 0 0 0 0 0 17 9 7
62 4 0 0 0 0 0 0 0 0
64 2 0 0 0 0 0 0 0 0
65 5 1 1 0 0 0 0 0 0
67 2 0 0 0 0 0 0 0 0
68 5 1 1 0 0 0 0 0 0
69 1 1 1 0 0 0 0 0 0
70 5 1 1 0 0 0 1 1 1
71 18 0 0 0 0 0 0 0 0
78 2 1 1 0 0 0 0 0 0
98 4 0 0 2 1 0 0 0 0
99 4 0 0 2 1 0 0 0 0
100 4 1 1 2 0 0 0 0 0
101 4 0 0 2 0 0 0 0 0
103 4 0 0 2 1 0 0 0 0
108 4 0 0 2 1 0 0 0 0
109 4 1 1 2 2 0 0 0 0
110 4 0 0 2 0 0 0 0 0
116 3 0 0 1 1 0 0 0 0
121 2 0 0 1 0 0 0 0 0
128 3 0 0 1 0 0 0 0 0
129 3 1 1 2 0 0 0 0 0
137 3 0 0 1 1 0 0 0 0
139 3 0 0 1 1 0 0 0 0
142 2 1 1 1 0 0 0 0 0
143 2 0 0 1 0 0 0 0 0
fn=dl_main
30 1 0 0 1 1 0 0 0 0
39 2 0 0 0 0 0 0 0 0
43 1 0 0 0 0 0 0 0 0
45 78 0 0 26 10 8 0 0 0
47 50 0 0 0 0 0 0 0 0
60 25 0 0 0 0 0 0 0 0
61 41 0 0 0 0 0 24 9 6
62 4 1 1 0 0 0 0 0 0
64 1 0 0 0 0 0 0 0 0
65 5 1 1 0 0 0 0 0 0
67 1 1 1 0 0 0 0 0 0
68 5 1 1 0 0 0 0 0 0
69 1 0 0 0 0 0 0 0 0
70 4 0 0 0 0 0 1 1 0
71 25 1 0 0 0 0 0 0 0
78 3 1 0 1 1 0 0 0 0
98 3 0 0 1 0 0 0 0 0
99 4 1 1 2 1 0 0 0 0
100 4 0 0 2 1 0 0 0 0
101 4 0 0 2 0 0 0 0 0
103 4 0 0 2 1 0 0 0 0
108 4 0 0 2 1 0 0 0 0
109 4 1 1 2 1 0 0 0 0
110 4 0 0 2 1 0 0 0 0
116 3 0 0 1 1 0 0 0 0
121 2 0 0 1 0 0 0 0 0
128 2 0 0 1 0 0 0 0 0
129 3 1 1 2 1 0 0 0 0
145 3 0 0 1 1 0 0 0 0
159 3 1 1 1 1 0 0 0 0
161 3 0 0 1 0 0 1 1 1
169 2 0 0 1 1 0 0 0 0
174 2 0 0 0 0 0 0 0 0
177 2 1 1 1 0 0 0 0 0
fl=/build/glibc-DY4NiR/glibc-2.24/elf/rtld.c
fn=_dl_initial_error_catch_tsd
746 8 4 1 4 0 0 0 0 0
fn=_dl_start
384 2 0 0 0 0 0 1 1 1
385 2 0 0 0 0 0 1 1 0
386 2 0 0 0 0 0 1 1 1
387 2 0 0 0 0 0 1 0 0
388 2 0 0 0 0 0 1 0 0
396 5 1 1 0 0 0 1 1 1
399 1 0 0 0 0 0 1 1 0
405 4 1 0 0 0 0 1 1 0
414 4 0 0 0 0 0 0 0 0
417 2 0 0 1 1 0 1 1 1
421 2 1 0 1 1 0 0 0 0
435 9 1 1 0 0 0 6 0 0
453 5 0 0 0 0 0 1 1 1
476 1 0 0 0 0 0 1 0 0
479 1 0 0 0 0 0 1 1 1
490 2 0 0 0 0 0 0 0 0
495 26 2 2 8 3 0 0 0 0
497 1 1 1 1 1 1 0 0 0
522 9 0 0 7 1 1 0 0 0
fn=dl_main
801 1 0 0 1 1 0 0 0 0
803 1 0 0 0 0 0 1 0 0
812 1 0 0 0 0 0 1 0 0
814 1 0 0 0 0 0 1 1 0
819 1 0 0 0 0 0 1 0 0
876 12 2 2 0 0 0 7 2 2
885 1 0 0 0 0 0 0 0 0
891 1 1 1 0 0 0 1 0 0
895 2 0 0 0 0 0 1 1 0
898 2 1 1 0 0 0 1 1 1
902 2 0 0 0 0 0 1 1 1
903 2 0 0 0 0 0 1 0 0
908 2 1 1 0 0 0 1 0 0
918 3 1 1 1 1 0 0 0 0
1119 8 2 2 0 0 0 1 0 0
1121 2 1 0 0 0 0 0 0 0
1122 1 0 0 0 0 0 1 0 0
1123 2 0 0 1 1 0 1 0 0
1124 2 0 0 1 1 0 1 0 0
1128 3 0 0 0 0 0 1 0 0
1129 3 1 1 1 0 0 0 0 0
1150 1 0 0 0 0 0 1 0 0
1151 1 0 0 0 0 0 1 1 0
1153 1 0 0 0 0 0 1 0 0
1155 1 0 0 1 0 0 0 0 0
1158 33 1 1 1 0 0 0 0 0
1159 71 2 2 9 6 5 0 0 0
1163 3 1 1 1 0 0 1 1 0
1164 1 0 0 0 0 0 0 0 0
1168 3 1 1 2 0 0 1 1 0
1169 1 0 0 0 0 0 0 0 0
1177 2 0 0 0 0 0 1 1 1
1178 3 1 1 2 1 1 0 0 0
1180 1 0 0 0 0 0 1 1 0
1187 2 1 1 1 1 0 0 0 0
1199 1 0 0 0 0 0 0 0 0
1205 1 0 0 0 0 0 0 0 0
1213 4 0 0 2 0 0 0 0 0
1214 11 1 1 3 2 1 0 0 0
1215 4 0 0 2 2 0 0 0 0
1216 1 0 0 0 0 0 1 0 0
1219 4 0 0 2 1 1 0 0 0
1220 4 0 0 2 0 0 0 0 0
1221 2 0 0 0 0 0 2 0 0
1222 6 0 0 3 2 0 0 0 0
1223 2 0 0 0 0 0 1 0 0
1250 2 1 1 1 0 0 1 0 0
1251 1 0 0 0 0 0 0 0 0
1254 2 1 0 1 0 0 1 1 0
1255 2 0 0 1 0 0 1 0 0
1256 1 0 0 0 0 0 0 0 0
1261 5 2 2 3 2 1 0 0 0
1264 2 0 0 0 0 0 0 0 0
1266 2 0 0 0 0 0 0 0 0
1268 2 1 1 1 1 0 0 0 0
1281 3 0 0 1 1 0 0 0 0
1282 10 1 0 5 3 0 2 1 0
1287 1 0 0 0 0 0 1 0 0
1289 1 0 0 0 0 0 1 1 1
1290 1 0 0 0 0 0 1 0 0
1292 3 1 1 2 1 0 0 0 0
1293 2 0 0 0 0 0 1 0 0
1297 2 0 0 1 1 0 0 0 0
1299 2 1 1 0 0 0 0 0 0
1304 2 0 0 0 0 0 1 1 0
1307 2 0 0 1 1 0 0 0 0
1323 5 2 2 0 0 0 2 1 0
1329 9 1 1 1 0 0 2 0 0
1334 2 1 0 1 1 0 1 0 0
1337 4 1 1 1 0 0 2 1 0
1339 1 0 0 0 0 0 1 0 0
1344 2 1 0 1 0 0 0 0 0
1347 3 0 0 2 2 0 1 0 0
1348 4 0 0 1 1 0 1 0 0
1349 2 0 0 1 1 0 1 1 0
1350 1 0 0 0 0 0 1 0 0
1351 1 1 1 1 0 0 0 0 0
1352 1 0 0 1 1 0 0 0 0
1357 2 0 0 1 1 0 0 0 0
1358 5 1 1 1 1 0 1 1 0
1375 2 0 0 1 1 1 0 0 0
1376 2 0 0 1 0 0 0 0 0
1378 3 0 0 1 0 0 0 0 0
1380 1 1 1 0 0 0 1 1 0
1381 4 0 0 1 0 0 1 1 1
1386 3 0 0 0 0 0 0 0 0
1387 5 0 0 1 1 1 0 0 0
1389 2 0 0 1 0 0 1 1 1
1390 2 1 1 1 0 0 1 0 0
1395 2 0 0 1 0 0 0 0 0
1400 1 0 0 0 0 0 1 0 0
1401 4 0 0 2 2 0 0 0 0
1402 2 0 0 0 0 0 0 0 0
1581 2 0 0 0 0 0 2 0 0
1589 3 0 0 1 1 0 0 0 0
1592 2 0 0 1 0 0 1 1 0
1596 3 0 0 1 1 0 0 0 0
1601 2 1 1 1 0 0 1 0 0
1602 1 0 0 0 0 0 1 0 0
1607 3 0 0 1 1 0 0 0 0
1622 3 0 0 2 0 0 0 0 0
1623 1 0 0 0 0 0 0 0 0
1624 1 0 0 0 0 0 0 0 0
1626 3 1 1 1 1 0 0 0 0
1628 5 0 0 0 0 0 0 0 0
1629 3 1 0 0 0 0 1 0 0
1630 4 0 0 0 0 0 0 0 0
1632 2 0 0 1 1 0 0 0 0
1642 5 1 1 0 0 0 1 0 0
1719 4 0 0 2 2 0 0 0 0
1723 8 1 1 0 0 0 0 0 0
1724 1 0 0 0 0 0 0 0 0
1727 3 0 0 0 0 0 1 0 0
1728 1 0 0 1 1 0 0 0 0
1729 2 0 0 0 0 0 0 0 0
1730 2 1 1 0 0 0 0 0 0
1736 5 1 1 0 0 0 0 0 0
1737 8 0 0 1 1 0 1 0 0
1738 4 1 0 0 0 0 0 0 0
1740 2 0 0 1 1 0 0 0 0
1743 15 1 1 2 0 0 0 0 0
1744 12 0 0 8 3 0 0 0 0
1747 3 0 0 2 1 0 1 1 0
1748 4 1 1 1 0 0 0 0 0
1749 1 0 0 0 0 0 1 1 0
1751 10 1 1 0 0 0 0 0 0
1752 13 1 1 7 1 0 0 0 0
1762 2 1 1 0 0 0 1 1 0
1764 2 0 0 1 0 0 1 0 0
1765 3 0 0 1 0 0 0 0 0
1767 2 0 0 0 0 0 1 0 0
1769 3 0 0 0 0 0 0 0 0
1771 3 0 0 1 1 0 0 0 0
1772 1 0 0 1 1 0 0 0 0
1785 2 1 1 0 0 0 0 0 0
1786 2 0 0 1 0 0 1 0 0
1787 3 0 0 1 0 0 0 0 0
1798 5 1 1 1 0 0 1 0 0
1799 1 0 0 0 0 0 1 1 0
1800 6 1 1 0 0 0 2 1 0
1810 2 1 0 1 0 0 1 0 0
1811 2 0 0 1 1 0 0 0 0
1812 2 1 0 0 0 0 2 1 0
1814 2 1 1 1 0 0 0 0 0
1819 3 1 1 1 1 0 0 0 0
2049 3 0 0 1 1 1 0 0 0
2105 2 2 2 0 0 0 1 1 0
2109 4 0 0 2 1 0 2 1 0
2113 2 0 0 1 1 0 1 1 0
2116 2 0 0 1 1 0 0 0 0
2170 3 2 2 1 1 0 0 0 0
2177 1 0 0 1 0 0 0 0 0
2179 7 0 0 1 0 0 0 0 0
2181 11 1 1 0 0 0 0 0 0
2183 12 2 0 8 6 0 0 0 0
2188 8 3 1 8 8 0 0 0 0
2190 10 0 0 0 0 0 0 0 0
2192 1 1 1 0 0 0 1 1 0
2193 1 0 0 1 0 0 0 0 0
2196 4 0 0 4 4 0 0 0 0
2198 8 0 0 4 3 0 0 0 0
2199 24 0 0 6 6 0 3 3 0
2203 14 4 0 5 4 0 0 0 0
2204 3 1 0 0 0 0 1 0 0
2206 4 0 0 0 0 0 0 0 0
2208 3 1 1 0 0 0 1 1 0
2214 2 0 0 1 1 0 0 0 0
2219 4 0 0 2 2 0 0 0 0
2221 1 0 0 1 1 0 0 0 0
2226 3 0 0 1 0 0 1 1 0
2229 2 1 1 1 1 0 0 0 0
2238 3 1 1 2 2 0 0 0 0
2240 4 1 1 1 1 0 0 0 0
2255 5 0 0 0 0 0 0 0 0
2257 1 0 0 1 1 0 0 0 0
2258 5 0 0 1 1 0 1 0 0
2259 4 1 0 0 0 0 0 0 0
2261 2 1 1 1 1 0 0 0 0
2269 1 0 0 0 0 0 1 0 0
2273 3 0 0 1 1 0 0 0 0
2293 3 0 0 0 0 0 1 0 0
2294 1 0 0 0 0 0 1 0 0
2295 1 0 0 0 0 0 1 0 0
2300 1 0 0 0 0 0 1 0 0
2305 8 2 1 7 2 0 0 0 0
2471 2 0 0 1 1 0 1 1 1
2473 1 0 0 0 0 0 1 0 0
2474 1 0 0 0 0 0 1 1 1
2478 10 1 1 1 0 0 3 0 0
2480 15 0 0 3 2 0 3 1 1
2484 107 2 1 21 2 1 0 0 0
2485 19 0 0 0 0 0 0 0 0
2487 4 0 0 0 0 0 0 0 0
2493 13 0 0 2 2 1 0 0 0
2514 6 1 1 0 0 0 1 1 0
2521 6 1 1 0 0 0 1 0 0
2523 3 0 0 0 0 0 1 1 0
2568 3 2 2 1 0 0 0 0 0
2569 6 0 0 0 0 0 1 0 0
2571 3 1 1 0 0 0 1 1 1
2641 3 1 0 1 1 0 0 0 0
2671 3 0 0 1 1 0 0 0 0
fn=do_preload
752 6 1 1 0 0 0 3 0 0
754 1 0 0 0 0 0 1 0 0
758 1 0 0 0 0 0 1 0 0
759 1 1 1 0 0 0 1 0 0
760 1 0 0 0 0 0 1 0 0
762 1 0 0 1 1 0 0 0 0
764 6 0 0 0 0 0 1 0 0
765 3 1 0 1 0 0 0 0 0
773 3 1 1 1 0 0 0 0 0
779 5 0 0 4 0 0 0 0 0
fn=dso_name_valid_for_suid
107 4 1 1 0 0 0 2 0 0
108 3 0 0 1 1 0 0 0 0
116 2 0 0 1 0 0 0 0 0
117 5 0 0 3 0 0 0 0 0
fn=handle_ld_preload
839 10 2 2 0 0 0 5 1 0
840 1 0 0 0 0 0 0 0 0
848 4 0 0 2 2 0 0 0 0
851 4 0 0 0 0 0 1 1 1
852 3 0 0 0 0 0 0 0 0
854 4 1 0 0 0 0 1 0 0
855 2 0 0 0 0 0 1 0 0
861 1 0 0 0 0 0 0 0 0
862 5 1 1 1 0 0 0 0 0
865 4 0 0 0 0 0 1 0 0
866 5 1 0 0 0 0 1 0 0
869 8 0 0 6 2 0 0 0 0
fn=init_tls
671 2 1 0 0 0 0 1 0 0
673 2 0 0 1 1 0 1 0 0
677 2 0 0 1 1 0 0 0 0
683 2 0 0 0 0 0 1 0 0
686 1 0 0 0 0 0 1 1 0
687 4 1 1 0 0 0 1 1 0
692 1 0 0 0 0 0 0 0 0
694 1 0 0 0 0 0 1 1 0
698 2 1 0 1 1 1 0 0 0
699 1 0 0 0 0 0 0 0 0
700 11 1 1 1 1 0 0 0 0
701 8 0 0 4 3 0 0 0 0
702 8 0 0 4 4 0 0 0 0
706 3 0 0 0 0 0 1 0 0
708 1 0 0 0 0 0 0 0 0
710 3 1 1 0 0 0 0 0 0
713 1 0 0 0 0 0 1 1 0
720 2 1 0 0 0 0 1 0 0
721 2 1 0 0 0 0 0 0 0
727 2 1 1 1 1 0 1 1 0
730 7 0 0 0 0 0 2 0 0
733 1 1 1 0 0 0 1 1 0
736 3 0 0 2 0 0 0 0 0
fn=map_doit
578 2 1 1 0 0 0 1 0 0
580 4 0 0 1 0 0 0 0 0
581 6 1 0 2 0 0 2 1 0
583 2 0 0 2 0 0 0 0 0
fn=rtld_lock_default_lock_recursive
786 10 5 2 10 4 1 0 0 0
fn=rtld_lock_default_unlock_recursive
792 10 1 0 10 4 0 0 0 0
fn=version_check_doit
611 2 1 1 0 0 0 1 0 0
613 6 0 0 2 2 0 1 0 0
617 2 1 0 2 0 0 0 0 0
fl=/build/glibc-DY4NiR/glibc-2.24/elf/setup-vdso.h
fn=dl_main
24 2 0 0 1 1 0 0 0 0
fl=/build/glibc-DY4NiR/glibc-2.24/io/../sysdeps/unix/syscall-template.S
fn=__write_nocancel
84 15 0 0 3 0 0 0 0 0
fn=access
84 12 3 1 0 0 0 0 0 0
86 15 0 0 3 0 0 3 3 0
fn=close
84 12 2 0 0 0 0 0 0 0
85 3 0 0 3 0 0 0 0 0
fn=open
84 28 7 1 0 0 0 0 0 0
85 3 0 0 3 0 0 0 0 0
86 20 0 0 4 0 0 4 1 0
fn=read
84 8 0 0 0 0 0 0 0 0
85 2 0 0 2 0 0 0 0 0
fn=write
84 6 3 2 3 3 0 0 0 0
fl=/build/glibc-DY4NiR/glibc-2.24/io/../sysdeps/unix/sysv/linux/wordsize-64/fxstat.c
fn=_fxstat
34 8 4 2 0 0 0 0 0 0
35 24 0 0 0 0 0 0 0 0
39 4 0 0 4 0 0 0 0 0
fl=/build/glibc-DY4NiR/glibc-2.24/io/../sysdeps/unix/sysv/linux/wordsize-64/xstat.c
fn=_xstat
33 4 0 0 0 0 0 0 0 0
34 8 1 1 0 0 0 0 0 0
35 36 0 0 3 0 0 3 0 0
39 1 0 0 1 0 0 0 0 0
fl=/build/glibc-DY4NiR/glibc-2.24/libio/../sysdeps/unix/sysv/linux/sys/sysmacros.h
fn=_IO_file_doallocate
41 6 1 1 0 0 0 0 0 0
fl=/build/glibc-DY4NiR/glibc-2.24/libio/filedoalloc.c
fn=_IO_file_doallocate
78 5 1 1 0 0 0 3 0 0
84 9 1 1 3 2 0 1 1 1
86 4 0 0 1 0 0 0 0 0
89 2 0 0 0 0 0 0 0 0
91 2 1 1 1 0 0 0 0 0
94 1 0 0 1 0 0 0 0 0
97 3 0 0 1 1 1 0 0 0
101 3 1 0 0 0 0 1 0 0
102 2 0 0 0 0 0 0 0 0
103 1 0 0 0 0 0 0 0 0
104 4 1 0 0 0 0 1 0 0
105 1 0 0 0 0 0 0 0 0
106 5 0 0 4 1 0 0 0 0
fl=/build/glibc-DY4NiR/glibc-2.24/libio/fileops.c
fn=_IO_do_write@@GLIBC_2.2.5
500 6 0 0 0 0 0 3 0 0
502 25 4 2 1 0 0 3 0 0
503 6 0 0 6 0 0 0 0 0
fn=_IO_file_overflow@@GLIBC_2.2.5
815 190 0 0 0 0 0 114 1 1
816 114 38 2 38 0 0 0 0 0
823 187 0 0 74 0 0 0 0 0
826 2 2 2 1 0 0 0 0 0
828 2 1 1 0 0 0 1 0 0
829 6 1 0 2 0 0 3 0 0
838 2 1 0 0 0 0 0 0 0
847 4 0 0 2 0 0 0 0 0
849 1 0 0 0 0 0 1 0 0
850 1 0 0 0 0 0 1 0 0
851 1 0 0 0 0 0 1 0 0
852 2 0 0 0 0 0 2 0 0
854 3 1 1 0 0 0 1 0 0
855 5 0 0 1 1 0 0 0 0
856 2 0 0 0 0 0 1 0 0
858 76 7 1 0 0 0 0 0 0
859 8 0 0 0 0 0 0 0 0
860 8 4 2 4 0 0 0 0 0
861 68 0 0 34 2 0 0 0 0
864 102 0 0 0 0 0 68 9 0
865 102 0 0 34 0 0 0 0 0
866 170 0 0 0 0 0 0 0 0
871 148 0 0 148 8 0 0 0 0
fn=_IO_file_setbuf@@GLIBC_2.2.5
458 2 1 1 0 0 0 1 0 0
459 3 1 0 0 0 0 1 0 0
462 2 0 0 0 0 0 2 0 0
463 2 0 0 1 0 0 1 0 0
464 3 0 0 0 0 0 3 0 0
466 1 0 0 0 0 0 0 0 0
467 2 0 0 2 0 0 0 0 0
fn=_IO_file_stat
1237 1 1 1 0 0 0 0 0 0
1238 3 0 0 1 0 0 0 0 0
fn=_IO_file_sync@@GLIBC_2.2.5
876 4 1 1 0 0 0 2 0 0
881 4 0 0 2 0 0 0 0 0
883 1 1 1 1 0 0 0 0 0
884 2 0 0 1 0 0 0 0 0
901 2 1 1 0 0 0 1 0 0
905 4 0 0 3 0 0 0 0 0
fn=_IO_file_write@@GLIBC_2.2.5
1264 18 0 0 0 0 0 15 0 0
1266 21 6 3 0 0 0 0 0 0
1270 6 0 0 0 0 0 0 0 0
1271 18 0 0 6 0 0 3 1 0
1272 6 0 0 0 0 0 0 0 0
1277 3 0 0 0 0 0 0 0 0
1278 3 0 0 0 0 0 0 0 0
1281 9 3 2 3 3 0 0 0 0
1284 27 3 2 18 0 0 0 0 0
fn=_IO_file_xsputn@@GLIBC_2.2.5
1288 42 0 0 0 0 0 35 0 0
1294 14 0 0 0 0 0 0 0 0
1295 7 7 2 0 0 0 0 0 0
1301 42 0 0 7 7 0 0 0 0
1303 18 6 1 12 3 1 0 0 0
1304 12 0 0 0 0 0 0 0 0
1307 77 9 3 0 0 0 0 0 0
1309 87 0 0 28 0 0 0 0 0
1311 3 3 0 0 0 0 0 0 0
1318 4 1 1 2 0 0 0 0 0
1322 16 1 1 0 0 0 0 0 0
1327 30 0 0 0 0 0 12 1 1
1332 6 0 0 0 0 0 0 0 0
1333 18 0 0 0 0 0 0 0 0
1335 12 0 0 0 0 0 0 0 0
1339 24 8 2 8 4 0 4 1 1
1345 8 0 0 8 0 0 0 0 0
1346 24 0 0 0 0 0 0 0 0
1348 12 0 0 0 0 0 0 0 0
1359 8 0 0 0 0 0 0 0 0
1360 6 1 1 0 0 0 1 0 0
1362 14 1 0 0 0 0 0 0 0
1363 42 4 1 42 7 0 0 0 0
fn=new_do_write
509 30 3 2 0 0 0 18 2 0
511 6 0 0 3 0 0 0 0 0
518 21 3 2 6 0 0 0 0 0
526 18 3 2 6 3 1 3 0 0
527 15 3 2 3 0 0 0 0 0
529 12 0 0 3 0 0 9 0 0
530 6 0 0 0 0 0 6 0 0
531 3 0 0 0 0 0 3 0 0
532 6 3 2 3 0 0 0 0 0
533 9 0 0 3 0 0 0 0 0
535 27 3 0 21 0 0 0 0 0
fl=/build/glibc-DY4NiR/glibc-2.24/libio/genops.c
fn=_IO_cleanup
894 12 0 0 4 3 0 0 0 0
896 9 1 1 3 0 0 0 0 0
898 6 0 0 2 1 0 0 0 0
904 16 1 1 6 5 0 2 0 0
912 5 1 1 2 1 0 0 0 0
914 2 0 0 0 0 0 1 0 0
916 2 0 0 1 0 0 1 0 0
917 1 0 0 0 0 0 1 0 0
918 2 0 0 1 0 0 1 0 0
921 5 0 0 2 1 0 1 0 0
923 3 0 0 1 0 0 0 0 0
927 5 1 1 1 0 0 0 0 0
928 8 1 1 3 2 0 1 0 0
934 3 1 1 0 0 0 3 0 0
954 7 1 1 0 0 0 6 0 0
957 3 0 0 0 0 0 1 0 0
969 9 0 0 7 1 0 0 0 0
fn=_IO_default_setbuf
381 5 1 1 1 0 0 0 0 0
383 1 0 0 0 0 0 1 0 0
384 1 0 0 0 0 0 1 0 0
388 3 0 0 0 0 0 1 0 0
522 8 1 1 0 0 0 4 0 0
523 5 0 0 2 0 0 1 0 0
525 2 0 0 0 0 0 0 0 0
527 2 0 0 0 0 0 1 0 0
528 2 1 1 0 0 0 0 0 0
532 2 1 1 1 0 0 0 0 0
535 3 0 0 0 0 0 3 0 0
536 3 0 0 0 0 0 3 0 0
537 1 0 0 0 0 0 0 0 0
538 6 0 0 5 0 0 0 0 0
fn=_IO_default_xsputn
422 8 1 1 0 0 0 6 0 0
425 2 1 1 0 0 0 0 0 0
430 48 0 0 24 0 0 0 0 0
455 123 13 2 33 2 0 11 0 0
457 11 0 0 0 0 0 0 0 0
459 2 1 1 1 0 0 0 0 0
460 8 0 0 7 0 0 0 0 0
fn=_IO_doallocbuf
394 3 0 0 0 0 0 3 0 0
395 2 1 1 1 0 0 0 0 0
397 4 0 0 1 0 0 0 0 0
398 5 2 1 2 1 0 1 1 1
401 4 0 0 4 1 0 0 0 0
fn=_IO_flush_all_lockp
766 8 1 1 0 0 0 6 1 0
772 4 1 1 0 0 0 1 0 0
777 1 0 0 1 1 1 0 0 0
778 1 1 1 1 1 1 0 0 0
779 8 0 0 0 0 0 0 0 0
781 3 0 0 0 0 0 3 1 0
782 6 0 0 0 0 0 0 0 0
783 1 0 0 1 1 0 0 0 0
785 21 1 1 9 6 4 0 0 0
795 6 1 1 0 0 0 0 0 0
797 3 1 1 0 0 0 3 0 0
799 12 1 1 3 0 0 0 0 0
806 3 0 0 3 3 2 0 0 0
810 2 0 0 0 0 0 0 0 0
812 3 0 0 1 0 0 0 0 0
816 9 0 0 7 0 0 0 0 0
fn=_IO_setb
380 3 1 1 0 0 0 1 0 0
381 4 0 0 2 1 0 0 0 0
383 1 0 0 0 0 0 1 0 0
384 1 0 0 0 0 0 1 1 0
386 6 1 1 0 0 0 1 0 0
389 3 0 0 2 0 0 0 0 0
fn=__overflow
228 46 2 1 0 0 0 23 0 0
230 69 0 0 23 2 0 0 0 0
232 69 0 0 46 2 0 0 0 0
233 46 2 1 23 0 0 0 0 0
fl=/build/glibc-DY4NiR/glibc-2.24/libio/libioP.h
fn=_IO_cleanup
936 4 1 1 0 0 0 0 0 0
938 2 0 0 0 0 0 0 0 0
939 2 0 0 0 0 0 0 0 0
fn=_IO_default_setbuf
936 3 1 1 0 0 0 0 0 0
938 2 0 0 0 0 0 0 0 0
939 2 0 0 0 0 0 0 0 0
fn=_IO_default_xsputn
936 7 0 0 0 0 0 1 0 0
938 22 0 0 0 0 0 0 0 0
939 22 0 0 0 0 0 0 0 0
fn=_IO_doallocbuf
936 3 0 0 0 0 0 0 0 0
938 2 0 0 0 0 0 0 0 0
939 2 0 0 0 0 0 0 0 0
fn=_IO_file_doallocate
936 3 0 0 0 0 0 0 0 0
938 2 0 0 0 0 0 0 0 0
939 2 0 0 0 0 0 0 0 0
fn=_IO_file_xsputn@@GLIBC_2.2.5
936 12 0 0 0 0 0 0 0 0
938 8 0 0 0 0 0 0 0 0
939 8 0 0 0 0 0 0 0 0
fn=_IO_flush_all_lockp
936 4 1 1 0 0 0 0 0 0
fn=__overflow
936 69 0 0 0 0 0 0 0 0
938 46 0 0 0 0 0 0 0 0
939 46 0 0 0 0 0 0 0 0
fn=new_do_write
938 6 0 0 0 0 0 0 0 0
939 6 0 0 0 0 0 0 0 0
fl=/build/glibc-DY4NiR/glibc-2.24/malloc/arena.c
fn=malloc_hook_ini
257 3 0 0 1 1 1 0 0 0
fn=ptmalloc_init.part.5
218 135 1 1 45 11 3 0 0 0
220 88 0 0 44 24 16 0 0 0
221 2 0 0 1 0 0 0 0 0
222 2 0 0 1 0 0 0 0 0
236 44 0 0 0 0 0 0 0 0
255 6 1 1 0 0 0 5 0 0
260 1 0 0 0 0 0 1 0 0
268 2 0 0 1 1 0 0 0 0
269 7 2 1 0 0 0 1 1 1
270 4 1 1 2 0 0 0 0 0
274 3 1 1 1 1 0 1 1 0
276 5 0 0 2 2 0 0 0 0
292 2 0 0 0 0 0 0 0 0
337 2 1 1 0 0 0 0 0 0
344 2 1 1 2 2 1 0 0 0
345 2 0 0 0 0 0 0 0 0
348 1 0 0 0 0 0 1 1 0
349 7 0 0 6 1 0 0 0 0
fn=sysmalloc
485 4 0 0 0 0 0 1 0 0
fl=/build/glibc-DY4NiR/glibc-2.24/malloc/hooks.c
fn=malloc_hook_ini
29 4 1 1 1 0 0 2 0 0
30 2 1 1 1 1 0 1 1 0
32 1 0 0 0 0 0 0 0 0
33 1 0 0 0 0 0 0 0 0
fl=/build/glibc-DY4NiR/glibc-2.24/malloc/malloc.c
fn=_int_free
1897 3 0 0 1 0 0 0 0 0
3879 10 1 1 0 0 0 6 0 0
3892 3 0 0 1 0 0 0 0 0
3898 4 0 0 0 0 0 0 0 0
3899 2 0 0 0 0 0 0 0 0
3910 4 1 1 0 0 0 0 0 0
3923 2 0 0 1 1 1 0 0 0
3998 2 1 1 0 0 0 0 0 0
3999 2 1 1 0 0 0 0 0 0
4000 6 2 2 2 2 1 0 0 0
4001 2 1 1 0 0 0 1 1 0
4004 1 0 0 0 0 0 0 0 0
4008 3 0 0 1 1 1 0 0 0
4014 4 0 0 1 0 0 0 0 0
4016 3 1 1 1 1 0 0 0 0
4022 3 0 0 1 0 0 0 0 0
4028 2 0 0 0 0 0 0 0 0
4029 2 1 1 0 0 0 0 0 0
4030 2 0 0 1 1 1 0 0 0
4039 2 0 0 1 1 0 0 0 0
4046 2 1 1 1 0 0 0 0 0
4092 1 0 0 0 0 0 0 0 0
4093 3 0 0 0 0 0 1 0 0
4094 2 0 0 0 0 0 1 0 0
4111 2 1 1 0 0 0 0 0 0
4112 2 0 0 1 0 0 0 0 0
4115 3 0 0 0 0 0 0 0 0
4117 5 1 1 3 1 1 0 0 0
4119 5 1 1 1 0 0 1 1 0
4131 2 1 1 0 0 0 0 0 0
4132 3 0 0 1 1 0 0 0 0
4133 5 1 1 2 1 0 0 0 0
4143 8 1 0 7 0 0 0 0 0
fn=_int_malloc
1890 9 3 2 3 3 0 0 0 0
3357 21 3 1 0 0 0 18 1 0
3387 36 3 1 0 0 0 3 0 0
3391 6 0 0 0 0 0 0 0 0
3393 3 0 0 0 0 0 0 0 0
3405 6 2 1 3 3 1 0 0 0
3442 6 2 1 0 0 0 0 0 0
3486 46 9 4 0 0 0 3 2 0
3487 6 3 1 3 0 0 0 0 0
3488 2 0 0 0 0 0 1 0 0
3507 15 2 1 3 2 0 0 0 0
3527 6 3 1 0 0 0 3 0 0
3641 6 3 1 0 0 0 0 0 0
3643 15 3 1 3 2 0 0 0 0
3646 9 3 1 3 3 0 0 0 0
3714 6 0 0 3 0 0 0 0 0
3715 6 0 0 0 0 0 0 0 0
3716 6 0 0 0 0 0 0 0 0
3717 6 0 0 3 3 0 0 0 0
3718 6 3 1 0 0 0 0 0 0
3723 6 0 0 0 0 0 0 0 0
3727 12 3 1 0 0 0 0 0 0
3730 4 0 0 1 0 0 0 0 0
3830 3 0 0 3 3 0 0 0 0
3831 6 0 0 3 1 0 0 0 0
3833 6 3 1 3 0 0 0 0 0
3835 1 0 0 0 0 0 0 0 0
3836 1 0 0 0 0 0 0 0 0
3837 1 0 0 0 0 0 1 0 0
3838 9 1 1 0 0 0 1 0 0
3840 3 1 1 0 0 0 1 1 1
3843 1 0 0 0 0 0 0 0 0
3850 4 0 0 2 1 0 0 0 0
3855 9 3 1 0 0 0 3 0 0
3857 78 0 0 0 0 0 30 3 0
3865 8 2 0 0 0 0 2 1 0
3866 4 1 0 0 0 0 0 0 0
3871 27 2 1 21 6 0 0 0 0
fn=free
2954 2 1 1 2 2 2 0 0 0
2955 2 0 0 0 0 0 0 0 0
2961 2 0 0 0 0 0 0 0 0
2964 1 0 0 0 0 0 0 0 0
2966 3 0 0 1 1 0 0 0 0
2984 3 1 1 0 0 0 0 0 0
2985 2 0 0 0 0 0 0 0 0
fn=malloc
2917 12 4 1 0 0 0 8 3 1
2922 8 0 0 8 8 0 0 0 0
2923 8 0 0 0 0 0 0 0 0
2924 2 1 1 1 0 0 0 0 0
2926 42 6 3 15 9 1 0 0 0
2928 12 0 0 0 0 0 3 0 0
2931 6 3 0 0 0 0 0 0 0
2939 12 3 1 6 4 0 0 0 0
2941 25 2 0 3 3 0 0 0 0
2944 18 2 1 11 3 0 0 0 0
fn=malloc_consolidate
4182 2 1 1 1 0 0 0 0 0
4252 1 1 1 0 0 0 0 0 0
fn=malloc_init_state
1806 4 1 1 0 0 0 0 0 0
1811 254 1 1 0 0 0 0 0 0
1814 381 0 0 0 0 0 254 33 32
1818 3 0 0 0 0 0 0 0 0
1822 1 0 0 0 0 0 1 1 0
1823 2 0 0 0 0 0 1 0 0
1825 1 0 0 0 0 0 1 1 0
1826 2 0 0 2 2 0 0 0 0
fn=sysmalloc
2279 16 2 1 0 0 0 12 2 0
2299 4 0 0 4 4 0 0 0 0
2310 4 0 0 0 0 0 0 0 0
2311 9 2 1 2 2 0 2 1 0
2312 3 1 1 2 1 0 0 0 0
2326 7 0 0 0 0 0 1 0 0
2332 2 0 0 0 0 0 0 0 0
2334 7 1 1 0 0 0 1 1 0
2336 2 1 0 0 0 0 0 0 0
2351 3 1 1 0 0 0 0 0 0
2366 1 0 0 0 0 0 1 1 1
2367 3 0 0 0 0 0 1 0 0
2372 3 1 1 2 0 0 0 0 0
2373 5 0 0 2 0 0 0 0 0
2376 3 0 0 2 0 0 0 0 0
2377 5 1 0 2 0 0 0 0 0
2381 2 0 0 0 0 0 0 0 0
2392 1 0 0 1 0 0 0 0 0
2393 3 0 0 1 0 0 0 0 0
2394 1 1 1 0 0 0 0 0 0
2403 6 0 0 1 0 0 0 0 0
2409 3 0 0 0 0 0 0 0 0
2412 3 0 0 0 0 0 0 0 0
2465 3 1 1 1 0 0 0 0 0
2473 2 0 0 1 0 0 0 0 0
2474 1 0 0 0 0 0 0 0 0
2484 6 0 0 0 0 0 2 0 0
2492 2 1 1 0 0 0 0 0 0
2494 7 0 0 2 2 0 4 0 0
2498 5 1 1 3 0 0 0 0 0
2501 4 0 0 2 2 0 0 0 0
2502 2 0 0 0 0 0 0 0 0
2548 2 0 0 1 1 0 0 0 0
2549 2 1 1 0 0 0 1 0 0
2550 3 0 0 1 1 0 1 0 0
2556 2 1 1 0 0 0 0 0 0
2559 6 1 1 1 0 0 0 0 0
2596 2 0 0 0 0 0 0 0 0
2602 4 1 1 0 0 0 0 0 0
2621 1 0 0 0 0 0 0 0 0
2624 2 0 0 0 0 0 0 0 0
2625 5 0 0 2 0 0 0 0 0
2627 2 0 0 0 0 0 0 0 0
2628 5 1 1 2 0 0 3 0 0
2640 4 0 0 2 0 0 0 0 0
2648 2 0 0 2 1 0 0 0 0
2649 4 1 1 1 1 0 0 0 0
2687 1 0 0 0 0 0 1 1 0
2688 4 0 0 0 0 0 1 1 1
2689 2 0 0 0 0 0 1 0 0
2700 2 0 0 0 0 0 0 0 0
2733 2 1 1 1 0 0 0 0 0
2734 1 0 0 0 0 0 1 0 0
2739 2 0 0 1 0 0 0 0 0
2742 2 1 1 0 0 0 0 0 0
2744 1 0 0 0 0 0 0 0 0
2745 1 0 0 0 0 0 0 0 0
2746 1 0 0 0 0 0 1 0 0
2747 8 0 0 0 0 0 1 0 0
2748 2 0 0 0 0 0 1 1 1
2750 1 0 0 0 0 0 0 0 0
2756 16 2 1 14 1 0 0 0 0
fn=systrim.isra.0
2769 7 1 1 0 0 0 6 0 0
2779 1 0 0 1 1 0 0 0 0
2780 3 0 0 2 0 0 0 0 0
2782 1 0 0 0 0 0 0 0 0
2783 2 0 0 0 0 0 0 0 0
2784 1 0 0 0 0 0 0 0 0
2787 3 1 1 1 0 0 0 0 0
2789 3 0 0 0 0 0 0 0 0
2833 8 0 0 7 0 0 0 0 0
fl=/build/glibc-DY4NiR/glibc-2.24/malloc/morecore.c
fn=__default_morecore
46 2 1 1 0 0 0 0 0 0
47 2 0 0 0 0 0 2 2 0
49 6 0 0 0 0 0 0 0 0
52 4 0 0 2 0 0 0 0 0
fl=/build/glibc-DY4NiR/glibc-2.24/misc/../sysdeps/unix/syscall-template.S
fn=mprotect
84 24 6 1 0 0 0 0 0 0
85 6 0 0 6 0 0 0 0 0
fn=munmap
84 4 1 0 0 0 0 0 0 0
85 1 0 0 1 0 0 0 0 0
fl=/build/glibc-DY4NiR/glibc-2.24/misc/../sysdeps/unix/sysv/linux/wordsize-64/mmap.c
fn=mmap
32 90 0 0 0 0 0 54 2 1
33 52 15 5 2 0 0 0 0 0
34 90 0 0 0 0 0 0 0 0
36 63 0 0 63 0 0 0 0 0
fl=/build/glibc-DY4NiR/glibc-2.24/misc/../sysdeps/unix/sysv/linux/x86_64/brk.c
fn=brk
31 16 1 1 2 0 0 2 0 0
33 4 1 1 0 0 0 0 0 0
39 2 0 0 0 0 0 0 0 0
40 2 0 0 2 0 0 0 0 0
fl=/build/glibc-DY4NiR/glibc-2.24/misc/init-misc.c
fn=__init_misc
30 3 0 0 0 0 0 2 0 0
31 6 1 1 1 1 0 0 0 0
33 3 1 1 0 0 0 1 0 0
34 2 0 0 0 0 0 0 0 0
37 3 0 0 1 1 0 1 1 0
38 3 0 0 2 1 0 1 0 0
40 4 0 0 3 0 0 0 0 0
fl=/build/glibc-DY4NiR/glibc-2.24/misc/sbrk.c
fn=sbrk
34 8 1 1 0 0 0 6 0 0
42 11 0 0 5 3 1 0 0 0
43 6 1 1 1 0 0 1 0 0
46 4 0 0 0 0 0 0 0 0
50 6 0 0 0 0 0 0 0 0
58 4 1 1 0 0 0 1 0 0
62 10 1 0 8 0 0 0 0 0
fl=/build/glibc-DY4NiR/glibc-2.24/nptl/unregister-atfork.c
fn=__unregister_atfork
36 2 2 1 2 1 0 0 0 0
39 4 0 0 0 0 0 0 0 0
121 2 2 1 2 0 0 0 0 0
fl=/build/glibc-DY4NiR/glibc-2.24/posix/../sysdeps/unix/syscall-template.S
fn=uname
84 4 1 1 0 0 0 0 0 0
85 1 0 0 1 0 0 0 0 0
fl=/build/glibc-DY4NiR/glibc-2.24/posix/../sysdeps/unix/sysv/linux/_exit.c
fn=_Exit
27 2 1 1 1 1 0 0 0 0
31 4 1 1 0 0 0 0 0 0
33 2 0 0 0 0 0 0 0 0
fl=/build/glibc-DY4NiR/glibc-2.24/setjmp/../sysdeps/x86_64/bsd-_setjmp.S
fn=_setjmp
30 1 1 1 0 0 0 0 0 0
32 1 0 0 0 0 0 0 0 0
fl=/build/glibc-DY4NiR/glibc-2.24/setjmp/../sysdeps/x86_64/setjmp.S
fn=__sigsetjmp
26 4 4 2 0 0 0 4 0 0
35 4 0 0 0 0 0 0 0 0
36 8 3 1 4 4 0 0 0 0
37 4 0 0 0 0 0 4 0 0
41 4 0 0 0 0 0 4 1 0
42 4 0 0 0 0 0 4 0 0
43 4 1 1 0 0 0 4 1 0
44 4 0 0 0 0 0 4 0 0
45 4 0 0 0 0 0 0 0 0
47 8 0 0 4 0 0 0 0 0
49 4 0 0 0 0 0 4 1 0
50 4 0 0 4 0 0 0 0 0
53 8 0 0 4 0 0 0 0 0
55 4 0 0 0 0 0 4 0 0
59 3 0 0 0 0 0 0 0 0
60 3 0 0 3 0 0 0 0 0
63 1 0 0 0 0 0 0 0 0
fl=/build/glibc-DY4NiR/glibc-2.24/setjmp/sigjmp.c
fn=__sigjmp_save
28 2 0 0 0 0 0 1 0 0
29 3 1 1 0 0 0 1 0 0
34 3 0 0 2 0 0 0 0 0
fl=/build/glibc-DY4NiR/glibc-2.24/stdio-common/../include/../locale/localeinfo.h
fn=__printf_fp_l
309 6 0 0 4 4 2 2 2 1
fl=/build/glibc-DY4NiR/glibc-2.24/stdio-common/../include/rounding-mode.h
fn=__printf_fp_l
52 6 0 0 0 0 0 0 0 0
58 2 1 1 0 0 0 0 0 0
fl=/build/glibc-DY4NiR/glibc-2.24/stdio-common/../libio/libioP.h
fn=vfprintf
936 15 0 0 0 0 0 3 3 0
938 21 0 0 0 0 0 0 0 0
939 14 0 0 4 4 0 0 0 0
fl=/build/glibc-DY4NiR/glibc-2.24/stdio-common/../sysdeps/generic/get-rounding-mode.h
fn=__printf_fp_l
94 2 1 0 0 0 0 2 0 0
95 14 2 1 2 0 0 0 0 0
fl=/build/glibc-DY4NiR/glibc-2.24/stdio-common/../sysdeps/pthread/allocalim.h
fn=__printf_fp_l
29 4 0 0 0 0 0 0 0 0
fl=/build/glibc-DY4NiR/glibc-2.24/stdio-common/_itoa.c
fn=_itoa_word
168 4 2 2 0 0 0 0 0 0
170 2 0 0 0 0 0 0 0 0
179 26 1 1 2 1 1 2 1 0
188 2 0 0 1 0 0 0 0 0
fl=/build/glibc-DY4NiR/glibc-2.24/stdio-common/printf-parse.h
fn=vfprintf
108 24 0 0 0 0 0 12 3 2
fl=/build/glibc-DY4NiR/glibc-2.24/stdio-common/printf.c
fn=printf
28 40 6 4 0 0 0 31 4 2
32 18 2 2 0 0 0 12 1 1
33 15 0 0 6 6 2 3 0 0
37 6 6 2 3 3 0 0 0 0
fl=/build/glibc-DY4NiR/glibc-2.24/stdio-common/printf_fp.c
fn=__printf_fp
1256 2 0 0 0 0 0 0 0 0
1257 10 4 2 4 4 1 0 0 0
fn=__printf_fp_l
215 22 2 1 0 0 0 14 4 1
229 2 0 0 0 0 0 2 0 0
230 2 0 0 0 0 0 2 0 0
245 2 0 0 0 0 0 2 0 0
248 2 2 1 0 0 0 0 0 0
254 12 0 0 2 0 0 2 0 0
261 2 2 1 0 0 0 2 0 0
264 4 0 0 0 0 0 0 0 0
267 4 0 0 2 0 0 2 0 0
285 6 2 1 2 0 0 0 0 0
293 2 0 0 0 0 0 2 0 0
332 4 0 0 0 0 0 0 0 0
334 2 0 0 2 0 0 0 0 0
378 2 2 1 2 0 0 0 0 0
381 4 0 0 0 0 0 0 0 0
395 8 0 0 4 4 2 0 0 0
411 18 2 1 0 0 0 6 4 1
415 6 0 0 0 0 0 0 0 0
435 24 2 1 0 0 0 0 0 0
451 14 2 1 2 0 0 0 0 0
452 2 0 0 0 0 0 0 0 0
453 4 0 0 0 0 0 0 0 0
455 14 0 0 0 0 0 2 0 0
456 8 2 1 0 0 0 2 0 0
457 8 0 0 0 0 0 2 0 0
463 2 0 0 0 0 0 2 0 0
464 4 0 0 0 0 0 0 0 0
473 3 1 1 0 0 0 0 0 0
481 4 0 0 0 0 0 1 1 0
482 5 0 0 0 0 0 0 0 0
484 6 2 2 0 0 0 0 0 0
485 10 1 1 2 0 0 1 0 0
486 2 0 0 0 0 0 0 0 0
487 5 0 0 1 0 0 2 0 0
489 11 2 2 1 0 0 1 0 0
494 13 1 1 0 0 0 0 0 0
498 65 0 0 13 5 5 0 0 0
500 6 0 0 0 0 0 0 0 0
523 2 0 0 1 0 0 1 0 0
524 7 0 0 3 0 0 1 1 0
530 14 0 0 6 0 0 2 0 0
532 2 0 0 2 1 1 0 0 0
534 4 1 1 4 1 0 0 0 0
536 4 0 0 0 0 0 0 0 0
537 6 2 0 0 0 0 2 0 0
540 30 6 1 12 0 0 3 0 0
543 15 0 0 6 0 0 6 0 0
544 12 0 0 9 0 0 0 0 0
545 15 0 0 0 0 0 0 0 0
546 15 1 1 3 0 0 0 0 0
549 13 0 0 0 0 0 0 0 0
551 51 1 1 12 0 0 0 0 0
552 2 1 1 1 0 0 1 0 0
558 2 0 0 0 0 0 0 0 0
562 7 0 0 4 0 0 0 0 0
566 3 1 0 1 0 0 0 0 0
568 9 2 1 1 0 0 0 0 0
594 3 1 1 0 0 0 0 0 0
597 7 2 2 0 0 0 0 0 0
613 6 0 0 0 0 0 2 0 0
615 2 0 0 0 0 0 0 0 0
628 1 0 0 1 0 0 0 0 0
629 7 1 1 3 0 0 1 0 0
632 4 0 0 2 0 0 1 0 0
633 5 0 0 1 0 0 0 0 0
638 2 0 0 0 0 0 0 0 0
806 4 0 0 0 0 0 1 1 1
807 5 1 1 2 0 0 2 0 0
808 1 0 0 0 0 0 1 0 0
812 4 1 0 2 0 0 2 2 1
821 2 0 0 0 0 0 2 0 0
822 12 0 0 8 4 2 2 0 0
824 4 0 0 0 0 0 0 0 0
834 4 2 1 2 0 0 0 0 0
836 2 0 0 0 0 0 2 0 0
837 14 4 2 2 2 0 4 2 0
838 2 0 0 0 0 0 2 0 0
839 2 0 0 0 0 0 2 0 0
840 6 0 0 2 0 0 0 0 0
842 6 0 0 2 0 0 2 0 0
844 6 0 0 0 0 0 2 0 0
882 6 2 1 2 0 0 0 0 0
896 12 2 1 2 0 0 0 0 0
897 2 0 0 2 0 0 0 0 0
903 4 0 0 2 0 0 0 0 0
913 14 2 1 0 0 0 4 0 0
914 16 0 0 4 0 0 4 0 0
917 6 0 0 2 0 0 0 0 0
920 38 10 1 10 0 0 2 0 0
923 36 2 1 0 0 0 18 1 1
925 2 0 0 0 0 0 2 0 0
927 10 2 1 4 0 0 0 0 0
929 8 0 0 4 0 0 2 0 0
941 4 0 0 0 0 0 2 0 0
942 8 2 1 4 0 0 4 0 0
943 56 0 0 0 0 0 2 0 0
944 10 2 0 4 0 0 0 0 0
946 12 2 1 0 0 0 0 0 0
947 36 12 1 12 0 0 24 0 0
948 12 0 0 0 0 0 0 0 0
950 28 6 0 0 0 0 0 0 0
959 8 2 1 6 0 0 0 0 0
960 8 0 0 2 0 0 6 0 0
962 16 4 1 4 0 0 0 0 0
963 1 1 1 0 0 0 0 0 0
964 3 0 0 1 0 0 0 0 0
967 2 0 0 1 0 0 0 0 0
971 1 0 0 0 0 0 0 0 0
972 9 1 1 3 0 0 0 0 0
984 3 0 0 0 0 0 0 0 0
989 8 0 0 2 0 0 0 0 0
994 3 1 1 1 0 0 0 0 0
998 2 1 1 0 0 0 1 0 0
1009 2 0 0 1 0 0 0 0 0
1078 6 2 1 0 0 0 0 0 0
1085 4 0 0 0 0 0 0 0 0
1088 4 2 1 2 0 0 0 0 0
1101 6 2 1 2 0 0 0 0 0
1147 12 2 1 4 0 0 0 0 0
1149 12 2 1 2 0 0 0 0 0
1151 14 0 0 2 0 0 0 0 0
1154 4 0 0 0 0 0 0 0 0
1156 6 2 1 2 0 0 0 0 0
1158 4 2 1 0 0 0 0 0 0
1159 14 4 2 10 0 0 0 0 0
1161 8 4 2 2 0 0 0 0 0
1170 6 2 1 2 0 0 0 0 0
1177 6 0 0 2 0 0 0 0 0
1182 10 2 1 2 0 0 8 0 0
1184 10 2 1 6 0 0 0 0 0
1185 4 2 1 0 0 0 2 0 0
1189 10 2 1 4 0 0 2 0 0
1191 6 0 0 2 0 0 0 0 0
1202 14 2 1 2 0 0 2 0 0
1209 95 2 1 6 0 0 8 0 0
1210 69 0 0 23 0 0 0 0 0
1211 10 2 1 4 0 0 2 0 0
1212 42 0 0 0 0 0 0 0 0
1215 42 0 0 0 0 0 21 0 0
1219 6 2 1 4 0 0 0 0 0
1236 323 27 2 69 2 0 25 0 0
1239 6 2 1 2 0 0 0 0 0
1246 4 0 0 2 0 0 0 0 0
1250 18 2 1 14 2 0 0 0 0
fn=hack_digit
169 69 23 1 0 0 0 46 0 0
172 69 0 0 23 0 0 0 0 0
174 92 0 0 23 0 0 0 0 0
176 32 10 2 24 0 0 0 0 0
177 40 0 0 0 0 0 16 0 0
182 45 0 0 15 0 0 0 0 0
186 90 10 2 45 0 0 15 0 0
188 60 0 0 45 0 0 15 0 0
189 15 0 0 15 0 0 0 0 0
191 30 0 0 15 0 0 15 0 0
192 105 0 0 30 0 0 0 0 0
203 45 30 0 0 0 0 15 0 0
204 30 0 0 0 0 0 0 0 0
205 65 0 0 26 0 0 26 0 0
209 153 8 1 69 0 0 0 0 0
fl=/build/glibc-DY4NiR/glibc-2.24/stdio-common/vfprintf.c
fn=vfprintf
1236 24 3 2 0 0 0 18 3 1
1267 9 0 0 6 6 2 3 3 2
1275 14 1 1 3 3 0 1 0 0
1279 15 3 2 3 2 2 0 0 0
1290 21 0 0 0 0 0 3 3 0
1301 18 3 2 9 0 0 9 5 4
1312 3 0 0 0 0 0 3 0 0
1316 27 4 3 6 6 2 6 3 0
1317 42 3 2 21 15 5 3 0 0
1320 36 12 6 9 6 1 3 0 0
1324 9 3 2 6 1 0 0 0 0
1328 36 3 2 9 6 2 15 6 4
1349 3 0 0 0 0 0 3 0 0
1350 3 0 0 0 0 0 3 0 0
1351 3 0 0 0 0 0 3 0 0
1352 3 3 2 0 0 0 3 0 0
1353 3 0 0 0 0 0 3 0 0
1354 3 0 0 0 0 0 0 0 0
1355 3 0 0 0 0 0 0 0 0
1356 3 0 0 0 0 0 0 0 0
1357 3 0 0 0 0 0 3 0 0
1358 3 0 0 0 0 0 3 0 0
1359 3 0 0 0 0 0 0 0 0
1362 3 0 0 0 0 0 3 0 0
1363 3 3 2 0 0 0 3 0 0
1366 3 0 0 0 0 0 3 0 0
1367 6 0 0 3 0 0 0 0 0
1370 48 6 4 9 6 4 3 0 0
1531 9 0 0 0 0 0 3 0 0
1552 6 0 0 0 0 0 3 0 0
1609 36 6 6 8 2 2 2 0 0
1630 4 2 2 0 0 0 0 0 0
1636 240 35 27 55 9 0 38 2 0
1637 2 1 1 0 0 0 0 0 0
1654 3 3 2 3 0 0 0 0 0
1656 6 0 0 3 0 0 0 0 0
1664 12 0 0 3 0 0 6 0 0
1668 66 9 4 15 6 0 6 0 0
1670 9 3 2 3 3 0 0 0 0
1690 30 6 2 15 12 0 3 0 0
1691 6 0 0 0 0 0 0 0 0
1694 27 3 0 21 5 0 0 0 0
fl=/build/glibc-DY4NiR/glibc-2.24/stdlib/../stdlib/strtol.c
fn=strtol
106 4 1 1 2 2 0 0 0 0
fl=/build/glibc-DY4NiR/glibc-2.24/stdlib/../stdlib/strtol_l.c
fn=____strtol_l_internal
227 9 1 1 0 0 0 7 0 0
247 2 0 0 0 0 0 0 0 0
253 2 0 0 0 0 0 0 0 0
274 1 0 0 0 0 0 0 0 0
275 1 0 0 0 0 0 0 0 0
284 4 1 1 0 0 0 0 0 0
293 6 0 0 3 3 1 0 0 0
295 2 0 0 0 0 0 0 0 0
299 1 0 0 0 0 0 1 0 0
300 2 1 1 0 0 0 0 0 0
305 1 0 0 0 0 0 0 0 0
306 3 0 0 0 0 0 0 0 0
309 3 0 0 1 0 0 0 0 0
319 2 0 0 0 0 0 0 0 0
326 2 0 0 0 0 0 0 0 0
329 5 2 2 0 0 0 1 0 0
433 8 1 1 4 1 0 0 0 0
435 22 1 1 2 1 0 0 0 0
437 12 0 0 0 0 0 0 0 0
461 1 0 0 1 0 0 0 0 0
462 3 0 0 0 0 0 0 0 0
465 12 0 0 0 0 0 0 0 0
468 16 1 1 4 0 0 0 0 0
473 8 1 1 0 0 0 1 0 0
474 16 0 0 0 0 0 0 0 0
479 2 1 1 0 0 0 0 0 0
484 3 0 0 1 0 0 0 0 0
490 2 0 0 0 0 0 0 0 0
491 2 1 1 0 0 0 0 0 0
493 3 0 0 1 0 0 0 0 0
526 8 0 0 7 1 0 0 0 0
fl=/build/glibc-DY4NiR/glibc-2.24/stdlib/../sysdeps/ieee754/dbl-64/dbl2mpn.c
fn=__mpn_extract_double
35 2 0 0 0 0 0 0 0 0
37 6 2 1 0 0 0 2 0 0
38 10 2 1 0 0 0 2 0 0
47 6 0 0 0 0 0 2 0 0
56 6 0 0 0 0 0 0 0 0
103 6 0 0 0 0 0 2 0 0
107 4 0 0 2 0 0 0 0 0
fl=/build/glibc-DY4NiR/glibc-2.24/stdlib/../sysdeps/x86_64/lshift.S
fn=__mpn_lshift
29 2 2 1 0 0 0 0 0 0
30 2 0 0 0 0 0 0 0 0
32 2 0 0 0 0 0 0 0 0
33 2 0 0 0 0 0 0 0 0
34 2 0 0 0 0 0 0 0 0
46 2 0 0 0 0 0 0 0 0
47 2 0 0 0 0 0 0 0 0
48 2 0 0 2 0 0 0 0 0
49 2 0 0 0 0 0 0 0 0
50 2 0 0 0 0 0 0 0 0
51 2 2 1 0 0 0 0 0 0
52 2 0 0 0 0 0 0 0 0
58 2 0 0 0 0 0 0 0 0
59 2 0 0 0 0 0 2 0 0
60 2 0 0 2 0 0 0 0 0
fl=/build/glibc-DY4NiR/glibc-2.24/stdlib/../sysdeps/x86_64/mul_1.S
fn=__mpn_mul_1
32 25 18 1 0 0 0 25 0 0
35 25 0 0 0 0 0 0 0 0
36 25 0 0 25 0 0 0 0 0
37 25 0 0 0 0 0 0 0 0
38 25 0 0 0 0 0 0 0 0
39 25 0 0 0 0 0 0 0 0
41 25 3 1 0 0 0 0 0 0
42 25 0 0 0 0 0 0 0 0
44 25 0 0 0 0 0 0 0 0
45 25 0 0 0 0 0 0 0 0
46 25 0 0 0 0 0 0 0 0
47 25 0 0 0 0 0 0 0 0
48 23 0 0 0 0 0 0 0 0
50 23 0 0 0 0 0 0 0 0
51 23 0 0 0 0 0 0 0 0
52 23 0 0 0 0 0 23 0 0
53 23 0 0 0 0 0 0 0 0
79 2 2 1 0 0 0 0 0 0
80 2 0 0 0 0 0 0 0 0
81 2 0 0 0 0 0 0 0 0
82 2 0 0 0 0 0 0 0 0
83 2 0 0 0 0 0 0 0 0
84 2 0 0 0 0 0 0 0 0
85 2 2 1 2 0 0 0 0 0
86 2 0 0 0 0 0 0 0 0
87 2 0 0 0 0 0 0 0 0
113 2 2 1 0 0 0 0 0 0
114 2 0 0 0 0 0 0 0 0
115 2 0 0 0 0 0 0 0 0
117 2 0 0 0 0 0 2 0 0
118 2 0 0 0 0 0 0 0 0
119 2 0 0 0 0 0 0 0 0
120 2 1 0 0 0 0 2 0 0
121 2 0 0 0 0 0 0 0 0
122 25 23 1 0 0 0 0 0 0
124 25 0 0 25 0 0 0 0 0
127 25 0 0 25 0 0 0 0 0
fl=/build/glibc-DY4NiR/glibc-2.24/stdlib/../sysdeps/x86_64/rshift.S
fn=__mpn_rshift
29 2 1 1 0 0 0 0 0 0
30 2 0 0 0 0 0 0 0 0
31 2 0 0 0 0 0 0 0 0
44 2 0 0 0 0 0 0 0 0
45 2 0 0 0 0 0 0 0 0
61 2 1 1 0 0 0 0 0 0
62 2 0 0 2 0 0 0 0 0
63 2 0 0 2 0 0 0 0 0
64 2 0 0 0 0 0 0 0 0
65 2 0 0 0 0 0 0 0 0
66 2 0 0 0 0 0 0 0 0
67 2 0 0 0 0 0 0 0 0
72 2 1 1 0 0 0 0 0 0
73 2 0 0 0 0 0 2 0 0
74 2 0 0 0 0 0 0 0 0
75 2 0 0 0 0 0 2 0 0
76 2 0 0 2 0 0 0 0 0
fl=/build/glibc-DY4NiR/glibc-2.24/stdlib/atoi.c
fn=atoi
26 1 1 1 0 0 0 0 0 0
27 3 0 0 0 0 0 1 0 0
28 2 1 0 1 0 0 0 0 0
fl=/build/glibc-DY4NiR/glibc-2.24/stdlib/cmp.c
fn=__mpn_cmp
35 6 3 1 0 0 0 0 0 0
37 3 0 0 3 2 0 0 0 0
38 3 0 0 3 0 0 0 0 0
39 6 0 0 0 0 0 0 0 0
47 18 3 1 3 0 0 0 0 0
fl=/build/glibc-DY4NiR/glibc-2.24/stdlib/cxa_atexit.c
fn=__cxa_atexit
35 2 0 0 0 0 0 1 0 0
37 2 0 0 0 0 0 0 0 0
41 3 1 1 1 1 0 0 0 0
43 1 0 0 0 0 0 1 1 0
44 1 0 0 0 0 0 1 1 0
45 1 0 0 0 0 0 1 0 0
47 1 0 0 0 0 0 1 0 0
48 1 0 0 0 0 0 0 0 0
57 6 1 1 0 0 0 3 0 0
59 4 0 0 4 0 0 0 0 0
fn=__new_exitfn
73 4 1 1 0 0 0 2 1 0
79 6 0 0 2 2 2 0 0 0
81 9 2 2 2 1 0 0 0 0
83 3 0 0 1 1 0 0 0 0
91 2 0 0 0 0 0 1 0 0
112 1 1 1 0 0 0 0 0 0
113 2 0 0 0 0 0 1 0 0
126 1 1 1 0 0 0 1 0 0
127 1 0 0 1 1 1 0 0 0
130 4 1 1 2 1 0 0 0 0
133 5 0 0 3 0 0 0 0 0
fl=/build/glibc-DY4NiR/glibc-2.24/stdlib/cxa_finalize.c
fn=__cxa_finalize
31 16 3 2 0 0 0 12 2 0
35 14 1 1 4 1 0 0 0 0
39 14 0 0 2 2 0 0 0 0
48 2 0 0 0 0 0 0 0 0
67 12 0 0 4 0 0 0 0 0
71 14 1 1 2 2 1 0 0 0
79 4 1 1 0 0 0 0 0 0
80 4 0 0 0 0 0 0 0 0
82 14 0 0 12 0 0 0 0 0
fl=/build/glibc-DY4NiR/glibc-2.24/stdlib/cxa_thread_atexit_impl.c
fn=__call_tls_dtors
145 3 1 1 0 0 0 2 0 0
146 4 0 0 2 2 2 0 0 0
164 4 1 1 3 0 0 0 0 0
fl=/build/glibc-DY4NiR/glibc-2.24/stdlib/divrem.c
fn=__mpn_divrem
46 120 8 1 0 0 0 90 0 0
47 15 15 1 0 0 0 15 1 1
49 30 0 0 0 0 0 0 0 0
62 15 1 1 15 0 0 0 0 0
63 15 0 0 15 0 0 0 0 0
65 30 0 0 0 0 0 0 0 0
72 121 0 0 0 0 0 0 0 0
73 39 0 0 13 0 0 13 0 0
76 30 0 0 0 0 0 0 0 0
79 15 15 1 0 0 0 15 0 0
81 15 0 0 0 0 0 0 0 0
234 135 15 1 120 0 0 0 0 0
fl=/build/glibc-DY4NiR/glibc-2.24/stdlib/exit.c
fn=__run_exit_handlers
35 8 1 1 0 0 0 4 1 0
40 3 0 0 1 1 1 0 0 0
41 2 0 0 0 0 0 1 0 0
47 9 1 1 2 2 1 0 0 0
51 6 0 0 0 0 0 0 0 0
53 1 0 0 0 0 0 1 0 0
54 1 0 0 0 0 0 0 0 0
55 5 0 0 1 0 0 0 0 0
79 2 1 1 0 0 0 0 0 0
81 3 0 0 2 1 0 0 0 0
83 3 1 1 1 1 1 1 0 0
84 1 1 0 0 0 0 0 0 0
88 2 1 1 1 0 0 1 1 0
89 2 0 0 0 0 0 0 0 0
95 2 0 0 0 0 0 0 0 0
96 8 1 0 1 1 1 1 0 0
98 2 1 0 0 0 0 1 0 0
fn=exit
104 1 0 0 0 0 0 0 0 0
105 4 1 1 0 0 0 1 0 0
fl=/build/glibc-DY4NiR/glibc-2.24/stdlib/mul.c
fn=__mpn_mul
48 26 2 1 0 0 0 14 1 0
54 4 2 1 0 0 0 0 0 0
66 4 0 0 0 0 0 0 0 0
67 2 0 0 0 0 0 0 0 0
71 2 0 0 2 2 1 0 0 0
72 4 0 0 0 0 0 0 0 0
81 8 2 0 4 0 0 4 2 1
83 4 2 1 0 0 0 2 0 0
84 2 0 0 0 0 0 0 0 0
88 4 0 0 0 0 0 0 0 0
142 16 2 1 14 0 0 0 0 0
fl=/build/glibc-DY4NiR/glibc-2.24/stdlib/rand.c
fn=rand
26 9144576 1 1 0 0 0 0 0 0
27 9144576 0 0 0 0 0 9144576 0 0
28 18289152 9144576 72 9144576 0 0 0 0 0
fl=/build/glibc-DY4NiR/glibc-2.24/stdlib/random.c
fn=random
288 9144576 9144576 10 0 0 0 0 0 0
291 54867456 9144576 73 18289152 10237753 128 0 0 0
293 27433728 3024 1 0 0 0 9144576 1093176 72
295 36578304 0 0 18289152 0 0 0 0 0
297 9144576 0 0 9144576 0 0 0 0 0
298 18289152 9144576 82 9144576 0 0 0 0 0
fn=srand
209 2 1 1 0 0 0 0 0 0
210 6 0 0 2 2 1 0 0 0
211 3 1 1 0 0 0 1 0 0
212 4 1 0 2 0 0 0 0 0
213 2 1 1 1 0 0 0 0 0
fl=/build/glibc-DY4NiR/glibc-2.24/stdlib/random_r.c
fn=random_r
357 36579544 2 1 0 0 0 0 0 0
360 27139662 2 1 9144886 0 0 0 0 0
362 27434658 0 0 9144886 1115857 64 0 0 0
371 9144886 0 0 9144886 0 0 0 0 0
372 9144886 0 0 9144886 0 0 0 0 0
373 9144886 0 0 9144886 0 0 0 0 0
376 27434658 0 0 18289772 1554247 30 9144886 0 0
378 18289772 0 0 0 0 0 9144886 0 0
379 9144886 0 0 0 0 0 0 0 0
380 18289772 0 0 0 0 0 0 0 0
383 9144886 0 0 0 0 0 0 0 0
391 9144886 0 0 0 0 0 9144886 0 0
392 17994776 0 0 8849890 0 0 9144886 0 0
394 9439882 0 0 294996 0 0 0 0 0
fn=srandom_r
162 4 0 0 0 0 0 3 0 0
170 2 1 1 0 0 0 0 0 0
172 1 0 0 1 1 0 0 0 0
173 2 0 0 0 0 0 0 0 0
176 1 0 0 1 0 0 0 0 0
178 3 1 1 0 0 0 0 0 0
180 1 0 0 0 0 0 1 1 0
181 2 0 0 0 0 0 0 0 0
186 2 0 0 1 0 0 0 0 0
187 94 0 0 0 0 0 0 0 0
193 271 1 1 0 0 0 0 0 0
194 90 0 0 0 0 0 0 0 0
196 90 0 0 0 0 0 0 0 0
197 30 0 0 0 0 0 30 2 2
200 4 1 1 1 0 0 1 0 0
201 2 0 0 0 0 0 1 0 0
202 1 0 0 0 0 0 0 0 0
203 934 0 0 0 0 0 0 0 0
206 930 0 0 0 0 0 310 0 0
210 1 0 0 0 0 0 0 0 0
214 5 0 0 4 0 0 0 0 0
fl=/build/glibc-DY4NiR/glibc-2.24/string/../bits/stdlib-bsearch.h
fn=intel_check_word
27 12 0 0 0 0 0 0 0 0
28 24 0 0 0 0 0 0 0 0
29 165 1 1 0 0 0 0 0 0
31 231 0 0 0 0 0 0 0 0
32 81 1 1 0 0 0 0 0 0
37 12 0 0 0 0 0 0 0 0
fl=/build/glibc-DY4NiR/glibc-2.24/string/../sysdeps/x86/cacheinfo.c
fn=handle_intel
261 24 0 0 0 0 0 18 0 0
263 6 1 1 0 0 0 0 0 0
269 9 1 1 0 0 0 3 0 0
271 3 0 0 0 0 0 3 1 0
272 6 0 0 0 0 0 3 0 0
274 3 0 0 0 0 0 0 0 0
280 15 2 2 0 0 0 3 0 0
285 6 0 0 0 0 0 0 0 0
287 9 0 0 0 0 0 3 0 0
288 3 0 0 0 0 0 0 0 0
292 12 0 0 0 0 0 3 0 0
293 6 0 0 0 0 0 0 0 0
296 15 0 0 0 0 0 3 0 0
297 6 0 0 0 0 0 0 0 0
314 24 3 1 21 3 0 0 0 0
fn=init_cacheinfo
481 7 1 1 0 0 0 6 0 0
493 4 1 1 2 2 0 0 0 0
495 5 1 1 1 0 0 1 0 0
497 4 1 0 0 0 0 1 0 0
501 1 1 1 0 0 0 1 1 0
502 4 1 0 0 0 0 1 0 0
510 2 1 0 0 0 0 0 0 0
521 1 0 0 0 0 0 0 0 0
526 2 0 0 1 1 0 0 0 0
530 2 0 0 0 0 0 0 0 0
538 9 0 0 0 0 0 0 0 0
541 14 1 1 0 0 0 0 0 0
547 8 0 0 0 0 0 0 0 0
550 26 1 1 0 0 0 0 0 0
555 2 0 0 0 0 0 0 0 0
559 4 0 0 0 0 0 0 0 0
560 1 0 0 0 0 0 0 0 0
564 2 0 0 0 0 0 0 0 0
568 3 0 0 0 0 0 0 0 0
571 3 0 0 0 0 0 0 0 0
572 1 0 0 0 0 0 0 0 0
577 4 0 0 0 0 0 0 0 0
583 2 1 1 0 0 0 0 0 0
591 9 0 0 1 1 0 0 0 0
593 4 1 1 0 0 0 0 0 0
595 7 0 0 0 0 0 0 0 0
597 8 0 0 0 0 0 0 0 0
599 2 0 0 0 0 0 0 0 0
600 2 0 0 0 0 0 0 0 0
601 8 0 0 0 0 0 0 0 0
603 4 0 0 0 0 0 0 0 0
606 2 0 0 0 0 0 0 0 0
611 1 1 1 0 0 0 0 0 0
613 4 0 0 0 0 0 0 0 0
614 3 0 0 0 0 0 0 0 0
615 1 0 0 0 0 0 0 0 0
618 4 0 0 0 0 0 0 0 0
621 2 0 0 0 0 0 0 0 0
625 2 0 0 1 0 0 0 0 0
628 1 0 0 0 0 0 0 0 0
630 4 0 0 0 0 0 0 0 0
631 2 0 0 0 0 0 0 0 0
636 2 1 1 0 0 0 0 0 0
642 2 0 0 0 0 0 0 0 0
643 2 0 0 0 0 0 0 0 0
644 1 0 0 0 0 0 0 0 0
645 2 0 0 1 0 0 0 0 0
682 4 0 0 0 0 0 0 0 0
683 4 0 0 0 0 0 0 0 0
687 2 1 1 0 0 0 0 0 0
747 2 0 0 0 0 0 0 0 0
749 3 0 0 0 0 0 1 0 0
750 1 0 0 0 0 0 1 1 1
752 1 0 0 0 0 0 0 0 0
753 3 1 1 0 0 0 1 0 0
754 1 0 0 0 0 0 1 0 0
757 2 0 0 0 0 0 0 0 0
759 3 0 0 0 0 0 1 0 0
760 1 0 0 0 0 0 1 1 1
762 1 0 0 0 0 0 0 0 0
763 4 1 1 0 0 0 1 0 0
764 1 0 0 0 0 0 1 0 0
770 3 1 0 0 0 0 1 1 1
771 8 0 0 7 1 0 0 0 0
fn=intel_check_word
121 162 0 0 81 12 6 0 0 0
124 81 0 0 0 0 0 0 0 0
132 36 0 0 0 0 0 24 1 0
133 12 1 1 0 0 0 0 0 0
135 3 0 0 0 0 0 0 0 0
139 42 0 0 0 0 0 0 0 0
141 36 0 0 0 0 0 0 0 0
143 15 0 0 0 0 0 0 0 0
145 30 0 0 0 0 0 0 0 0
153 30 0 0 0 0 0 0 0 0
165 28 0 0 0 0 0 0 0 0
168 24 0 0 0 0 0 0 0 0
172 16 0 0 0 0 0 0 0 0
174 32 1 1 0 0 0 0 0 0
175 24 0 0 0 0 0 0 0 0
176 14 0 0 0 0 0 0 0 0
177 24 0 0 0 0 0 0 0 0
178 18 1 1 0 0 0 0 0 0
179 14 0 0 0 0 0 0 0 0
180 10 0 0 0 0 0 0 0 0
182 3 1 1 0 0 0 0 0 0
184 6 0 0 0 0 0 0 0 0
186 9 1 1 0 0 0 0 0 0
187 12 0 0 0 0 0 0 0 0
188 9 0 0 0 0 0 0 0 0
189 15 0 0 0 0 0 0 0 0
197 5 0 0 0 0 0 0 0 0
204 24 0 0 0 0 0 0 0 0
209 12 1 1 6 0 0 0 0 0
212 36 0 0 12 1 0 0 0 0
226 12 1 1 0 0 0 0 0 0
251 12 0 0 0 0 0 0 0 0
256 36 0 0 30 6 0 0 0 0
fl=/build/glibc-DY4NiR/glibc-2.24/string/../sysdeps/x86_64/multiarch/../memcmp.S
fn=bcmp
24 13 4 1 0 0 0 0 0 0
25 13 0 0 0 0 0 0 0 0
26 13 0 0 0 0 0 0 0 0
27 13 0 0 0 0 0 0 0 0
28 13 0 0 0 0 0 0 0 0
29 13 0 0 0 0 0 0 0 0
30 13 0 0 0 0 0 0 0 0
31 13 4 1 0 0 0 0 0 0
34 13 0 0 0 0 0 0 0 0
35 13 0 0 0 0 0 0 0 0
36 5 0 0 5 3 1 0 0 0
37 5 0 0 5 3 3 0 0 0
38 5 0 0 0 0 0 0 0 0
39 5 0 0 0 0 0 0 0 0
40 5 0 0 0 0 0 0 0 0
41 5 0 0 0 0 0 0 0 0
42 5 0 0 0 0 0 0 0 0
44 12 0 0 0 0 0 0 0 0
45 12 0 0 0 0 0 0 0 0
46 4 0 0 4 0 0 0 0 0
47 4 0 0 4 0 0 0 0 0
48 4 0 0 0 0 0 0 0 0
49 4 0 0 0 0 0 0 0 0
50 4 1 0 0 0 0 0 0 0
51 4 0 0 0 0 0 0 0 0
52 4 0 0 0 0 0 0 0 0
54 12 3 1 0 0 0 0 0 0
55 12 0 0 0 0 0 0 0 0
56 5 0 0 5 1 1 0 0 0
57 5 0 0 5 1 1 0 0 0
58 5 0 0 0 0 0 0 0 0
59 5 0 0 0 0 0 0 0 0
60 2 0 0 0 0 0 0 0 0
61 2 0 0 0 0 0 0 0 0
62 2 0 0 0 0 0 0 0 0
64 9 0 0 0 0 0 0 0 0
65 9 0 0 0 0 0 0 0 0
66 5 0 0 5 0 0 0 0 0
67 5 0 0 5 3 1 0 0 0
68 5 0 0 0 0 0 0 0 0
69 5 0 0 0 0 0 0 0 0
74 4 0 0 4 2 2 0 0 0
75 4 0 0 4 2 1 0 0 0
76 4 0 0 0 0 0 0 0 0
77 4 0 0 0 0 0 0 0 0
78 4 0 0 0 0 0 0 0 0
79 4 0 0 0 0 0 0 0 0
80 4 0 0 0 0 0 0 0 0
81 2 0 0 0 0 0 0 0 0
82 2 0 0 0 0 0 0 0 0
83 2 0 0 2 0 0 0 0 0
84 2 0 0 2 0 0 0 0 0
85 2 0 0 0 0 0 0 0 0
92 2 0 0 0 0 0 0 0 0
94 3 0 0 3 1 0 0 0 0
98 8 4 1 0 0 0 0 0 0
99 8 0 0 0 0 0 0 0 0
100 1 1 0 0 0 0 0 0 0
101 1 0 0 0 0 0 0 0 0
102 1 0 0 0 0 0 0 0 0
103 1 0 0 0 0 0 0 0 0
104 1 0 0 0 0 0 0 0 0
105 1 0 0 0 0 0 0 0 0
106 1 0 0 0 0 0 0 0 0
107 1 0 0 0 0 0 0 0 0
108 1 0 0 0 0 0 0 0 0
109 1 0 0 0 0 0 0 0 0
110 1 0 0 1 0 0 0 0 0
114 9 3 1 0 0 0 0 0 0
115 9 0 0 9 2 0 0 0 0
fl=/build/glibc-DY4NiR/glibc-2.24/string/../sysdeps/x86_64/multiarch/../multiarch/memmove-vec-unaligned-erms.S
fn=__GI_mempcpy
117 8 6 2 0 0 0 0 0 0
118 8 0 0 0 0 0 0 0 0
119 8 0 0 0 0 0 0 0 0
fn=__memcpy_sse2_unaligned_erms
260 7 6 2 0 0 0 0 0 0
261 7 0 0 0 0 0 0 0 0
262 7 0 0 0 0 0 0 0 0
263 7 0 0 0 0 0 0 0 0
264 5 0 0 0 0 0 0 0 0
265 5 0 0 0 0 0 0 0 0
266 4 0 0 0 0 0 0 0 0
267 4 0 0 4 0 0 0 0 0
268 4 0 0 0 0 0 4 1 0
270 4 0 0 4 0 0 0 0 0
299 2 0 0 2 0 0 0 0 0
300 2 0 0 2 0 0 0 0 0
301 2 0 0 0 0 0 2 1 0
302 2 0 0 0 0 0 2 0 0
303 2 0 0 2 0 0 0 0 0
306 1 1 1 1 0 0 0 0 0
307 1 0 0 1 0 0 0 0 0
308 1 0 0 0 0 0 1 0 0
309 1 0 0 0 0 0 1 0 0
310 1 0 0 1 0 0 0 0 0
fn=memcpy
131 14 11 1 0 0 0 0 0 0
133 31 0 0 0 0 0 0 0 0
134 31 0 0 0 0 0 0 0 0
135 11 0 0 0 0 0 0 0 0
136 11 0 0 0 0 0 0 0 0
141 7 7 0 7 2 0 0 0 0
142 7 0 0 7 1 0 0 0 0
143 7 0 0 0 0 0 7 4 2
144 7 0 0 0 0 0 7 2 2
149 7 0 0 7 2 0 0 0 0
260 20 12 1 0 0 0 0 0 0
261 20 0 0 0 0 0 0 0 0
262 8 0 0 0 0 0 0 0 0
263 8 0 0 0 0 0 0 0 0
264 5 0 0 0 0 0 0 0 0
265 5 0 0 0 0 0 0 0 0
266 4 0 0 0 0 0 0 0 0
267 3 0 0 3 2 1 0 0 0
268 3 0 0 0 0 0 3 1 1
270 4 0 0 4 1 0 0 0 0
292 12 0 0 12 3 0 0 0 0
293 12 0 0 12 0 0 0 0 0
294 12 0 0 0 0 0 12 5 4
295 12 0 0 0 0 0 12 0 0
296 12 0 0 12 1 0 0 0 0
299 3 0 0 3 3 0 0 0 0
300 3 0 0 3 0 0 0 0 0
301 3 2 0 0 0 0 3 2 0
302 3 0 0 0 0 0 3 0 0
303 3 0 0 3 0 0 0 0 0
306 1 1 1 1 1 1 0 0 0
307 1 0 0 1 0 0 0 0 0
308 1 0 0 0 0 0 1 1 1
309 1 0 0 0 0 0 1 0 0
310 1 0 0 1 0 0 0 0 0
320 4 4 0 0 0 0 0 0 0
321 4 0 0 0 0 0 0 0 0
322 4 0 0 0 0 0 0 0 0
323 4 0 0 0 0 0 0 0 0
345 4 3 1 4 0 0 0 0 0
346 4 0 0 4 0 0 0 0 0
347 4 0 0 4 0 0 0 0 0
348 4 0 0 4 0 0 0 0 0
349 4 0 0 0 0 0 4 2 2
350 4 4 1 0 0 0 4 1 1
351 4 0 0 0 0 0 4 0 0
352 4 0 0 0 0 0 4 0 0
354 4 0 0 4 0 0 0 0 0
fn=memcpy@GLIBC_2.2.5
131 4 4 0 0 0 0 0 0 0
133 12 0 0 0 0 0 0 0 0
134 12 0 0 0 0 0 0 0 0
135 5 0 0 0 0 0 0 0 0
136 5 0 0 0 0 0 0 0 0
141 5 0 0 5 1 1 0 0 0
142 5 0 0 5 0 0 0 0 0
143 5 5 1 0 0 0 5 3 2
144 5 0 0 0 0 0 5 0 0
149 5 0 0 5 0 0 0 0 0
fn=mempcpy
117 17 10 0 0 0 0 0 0 0
118 17 0 0 0 0 0 0 0 0
119 17 0 0 0 0 0 0 0 0
fl=/build/glibc-DY4NiR/glibc-2.24/string/../sysdeps/x86_64/multiarch/../multiarch/memset-vec-unaligned-erms.S
fn=memset
91 45 7 2 0 0 0 0 0 0
93 9 0 0 0 0 0 0 0 0
94 9 0 0 0 0 0 0 0 0
95 2 0 0 0 0 0 0 0 0
96 2 0 0 0 0 0 0 0 0
151 2 2 1 0 0 0 0 0 0
152 2 0 0 0 0 0 0 0 0
162 2 0 0 0 0 0 0 0 0
163 2 0 0 0 0 0 2 1 1
164 2 0 0 0 0 0 0 0 0
165 2 0 0 0 0 0 2 2 2
166 2 0 0 0 0 0 2 0 0
167 2 0 0 0 0 0 2 0 0
168 2 0 0 0 0 0 2 0 0
169 2 2 0 0 0 0 2 0 0
170 2 0 0 0 0 0 2 0 0
171 2 0 0 0 0 0 2 0 0
172 2 0 0 0 0 0 0 0 0
173 2 0 0 0 0 0 0 0 0
174 2 0 0 0 0 0 0 0 0
175 2 0 0 0 0 0 0 0 0
177 36 0 0 0 0 0 36 35 34
178 36 0 0 0 0 0 36 0 0
179 36 0 0 0 0 0 36 0 0
180 36 0 0 0 0 0 36 0 0
181 36 0 0 0 0 0 0 0 0
182 36 0 0 0 0 0 0 0 0
183 36 0 0 0 0 0 0 0 0
184 2 0 0 2 1 0 0 0 0
199 7 3 2 0 0 0 0 0 0
200 7 0 0 0 0 0 0 0 0
201 7 5 2 0 0 0 0 0 0
202 4 0 0 0 0 0 0 0 0
203 4 0 0 0 0 0 0 0 0
204 2 0 0 0 0 0 0 0 0
205 2 0 0 0 0 0 0 0 0
229 3 0 0 0 0 0 3 1 1
230 3 0 0 0 0 0 3 0 0
232 3 0 0 3 0 0 0 0 0
235 2 0 0 0 0 0 2 0 0
236 2 0 0 0 0 0 2 0 0
238 2 0 0 2 0 0 0 0 0
241 2 0 0 0 0 0 2 0 0
242 2 0 0 0 0 0 2 0 0
244 2 0 0 2 0 0 0 0 0
fl=/build/glibc-DY4NiR/glibc-2.24/string/../sysdeps/x86_64/multiarch/../strchr.S
fn=index
24 7 7 1 0 0 0 0 0 0
25 7 0 0 0 0 0 0 0 0
26 7 0 0 0 0 0 0 0 0
27 7 0 0 0 0 0 0 0 0
28 7 0 0 0 0 0 0 0 0
29 7 0 0 0 0 0 0 0 0
30 7 0 0 0 0 0 0 0 0
31 7 0 0 0 0 0 0 0 0
32 7 0 0 7 2 2 0 0 0
33 7 0 0 0 0 0 0 0 0
34 7 0 0 0 0 0 0 0 0
35 7 0 0 0 0 0 0 0 0
36 7 0 0 0 0 0 0 0 0
37 7 0 0 0 0 0 0 0 0
38 7 0 0 0 0 0 0 0 0
39 7 7 1 0 0 0 0 0 0
40 7 0 0 0 0 0 0 0 0
41 5 0 0 0 0 0 0 0 0
45 5 0 0 0 0 0 0 0 0
46 5 0 0 0 0 0 0 0 0
47 5 0 0 5 0 0 0 0 0
48 5 0 0 0 0 0 0 0 0
50 5 0 0 5 0 0 0 0 0
54 2 0 0 2 1 0 0 0 0
55 2 0 0 0 0 0 0 0 0
56 2 0 0 0 0 0 0 0 0
57 2 0 0 0 0 0 0 0 0
58 2 0 0 0 0 0 0 0 0
59 2 0 0 0 0 0 0 0 0
60 2 0 0 2 0 0 0 0 0
61 2 0 0 0 0 0 0 0 0
62 2 0 0 0 0 0 0 0 0
63 2 2 1 0 0 0 0 0 0
64 2 0 0 0 0 0 0 0 0
65 2 0 0 0 0 0 0 0 0
66 2 0 0 0 0 0 0 0 0
67 2 0 0 2 1 1 0 0 0
68 2 0 0 0 0 0 0 0 0
69 2 0 0 0 0 0 0 0 0
70 2 0 0 0 0 0 0 0 0
71 2 0 0 0 0 0 0 0 0
72 2 0 0 0 0 0 0 0 0
73 2 0 0 0 0 0 0 0 0
74 2 0 0 0 0 0 0 0 0
75 2 0 0 0 0 0 0 0 0
76 2 0 0 0 0 0 0 0 0
77 2 0 0 0 0 0 0 0 0
129 2 2 1 0 0 0 0 0 0
133 2 0 0 0 0 0 0 0 0
134 2 0 0 0 0 0 0 0 0
135 2 0 0 2 0 0 0 0 0
136 2 0 0 0 0 0 0 0 0
138 2 0 0 2 0 0 0 0 0
fl=/build/glibc-DY4NiR/glibc-2.24/string/../sysdeps/x86_64/multiarch/../strcmp.S
fn=strcmp
144 207 207 3 0 0 0 0 0 0
145 207 0 0 0 0 0 0 0 0
147 207 0 0 0 0 0 0 0 0
148 207 0 0 0 0 0 0 0 0
169 207 0 0 0 0 0 0 0 0
170 207 0 0 0 0 0 0 0 0
171 185 0 0 0 0 0 0 0 0
172 185 0 0 0 0 0 0 0 0
173 176 0 0 176 122 6 0 0 0
174 176 0 0 176 83 6 0 0 0
175 176 167 2 176 6 0 0 0 0
176 176 0 0 176 6 0 0 0 0
197 176 0 0 0 0 0 0 0 0
198 176 0 0 0 0 0 0 0 0
199 176 0 0 0 0 0 0 0 0
200 176 0 0 0 0 0 0 0 0
201 176 0 0 0 0 0 0 0 0
202 176 0 0 0 0 0 0 0 0
203 176 0 0 0 0 0 0 0 0
208 3 0 0 0 0 0 0 0 0
209 3 0 0 0 0 0 0 0 0
218 34 21 1 0 0 0 0 0 0
219 34 0 0 0 0 0 0 0 0
220 34 0 0 0 0 0 0 0 0
221 34 0 0 0 0 0 0 0 0
222 34 27 3 0 0 0 0 0 0
223 34 0 0 0 0 0 0 0 0
224 34 0 0 0 0 0 0 0 0
225 34 0 0 0 0 0 0 0 0
226 33 0 0 0 0 0 0 0 0
227 14 0 0 0 0 0 0 0 0
228 14 0 0 0 0 0 0 0 0
229 14 0 0 0 0 0 0 0 0
231 33 0 0 0 0 0 0 0 0
232 33 0 0 0 0 0 0 0 0
233 33 0 0 0 0 0 0 0 0
234 33 0 0 33 24 5 0 0 0
235 33 0 0 0 0 0 0 0 0
236 33 0 0 0 0 0 0 0 0
246 1 0 0 1 1 0 0 0 0
247 1 0 0 0 0 0 0 0 0
248 1 0 0 0 0 0 0 0 0
250 1 0 0 1 1 0 0 0 0
256 1 1 1 0 0 0 0 0 0
257 1 0 0 0 0 0 0 0 0
258 1 0 0 0 0 0 0 0 0
259 1 0 0 0 0 0 0 0 0
260 1 0 0 0 0 0 0 0 0
265 1 0 0 0 0 0 0 0 0
267 1 0 0 0 0 0 0 0 0
268 1 0 0 0 0 0 0 0 0
269 2 0 0 0 0 0 0 0 0
277 1 0 0 1 0 0 0 0 0
278 1 0 0 1 1 0 0 0 0
281 1 0 0 0 0 0 0 0 0
282 1 1 1 0 0 0 0 0 0
283 1 0 0 0 0 0 0 0 0
284 1 0 0 0 0 0 0 0 0
285 1 0 0 0 0 0 0 0 0
286 1 0 0 0 0 0 0 0 0
1196 3 2 1 0 0 0 0 0 0
1197 3 0 0 3 0 0 0 0 0
1198 3 0 0 3 2 0 0 0 0
1199 3 0 0 0 0 0 0 0 0
1200 3 0 0 0 0 0 0 0 0
1202 3 0 0 0 0 0 0 0 0
1203 3 0 0 0 0 0 0 0 0
1204 3 0 0 0 0 0 0 0 0
1205 3 0 0 0 0 0 0 0 0
1206 3 0 0 0 0 0 0 0 0
1207 3 0 0 0 0 0 0 0 0
1208 3 0 0 0 0 0 0 0 0
1209 1 1 1 1 0 0 0 0 0
1213 1 0 0 0 0 0 0 0 0
1214 1 0 0 0 0 0 0 0 0
1215 1 0 0 0 0 0 0 0 0
1221 1 0 0 0 0 0 0 0 0
1222 1 0 0 0 0 0 0 0 0
1223 2 0 0 0 0 0 0 0 0
1227 1 0 0 0 0 0 0 0 0
1228 1 0 0 0 0 0 0 0 0
1231 1 0 0 1 1 0 0 0 0
1232 1 1 1 1 1 1 0 0 0
1233 1 0 0 0 0 0 0 0 0
1236 1 0 0 0 0 0 0 0 0
1237 1 0 0 0 0 0 0 0 0
1238 1 0 0 0 0 0 0 0 0
1244 1 0 0 0 0 0 0 0 0
1245 1 0 0 0 0 0 0 0 0
1246 1 0 0 0 0 0 0 0 0
1247 1 0 0 0 0 0 0 0 0
1248 1 0 0 0 0 0 0 0 0
1249 1 0 0 0 0 0 0 0 0
1571 3 3 2 0 0 0 0 0 0
1572 3 0 0 3 3 1 0 0 0
1573 3 0 0 3 3 1 0 0 0
1574 3 0 0 0 0 0 0 0 0
1575 3 0 0 0 0 0 0 0 0
1577 3 0 0 0 0 0 0 0 0
1578 3 0 0 0 0 0 0 0 0
1579 3 0 0 0 0 0 0 0 0
1580 3 0 0 0 0 0 0 0 0
1581 3 0 0 0 0 0 0 0 0
1582 3 0 0 0 0 0 0 0 0
1583 3 0 0 0 0 0 0 0 0
1584 3 3 2 3 0 0 0 0 0
1588 3 0 0 0 0 0 0 0 0
1589 3 0 0 0 0 0 0 0 0
1590 3 0 0 0 0 0 0 0 0
1596 3 0 0 0 0 0 0 0 0
1597 3 0 0 0 0 0 0 0 0
1598 6 0 0 0 0 0 0 0 0
1602 3 0 0 0 0 0 0 0 0
1603 3 0 0 0 0 0 0 0 0
1606 3 0 0 3 1 1 0 0 0
1607 3 3 2 3 2 1 0 0 0
1608 3 0 0 0 0 0 0 0 0
1611 3 0 0 0 0 0 0 0 0
1612 3 0 0 0 0 0 0 0 0
1613 3 0 0 0 0 0 0 0 0
1619 3 0 0 0 0 0 0 0 0
1620 3 0 0 0 0 0 0 0 0
1621 3 0 0 0 0 0 0 0 0
1622 3 0 0 0 0 0 0 0 0
1623 3 0 0 0 0 0 0 0 0
1624 3 0 0 0 0 0 0 0 0
1696 2 2 1 0 0 0 0 0 0
1697 2 0 0 2 2 2 0 0 0
1698 2 0 0 2 2 0 0 0 0
1699 2 0 0 0 0 0 0 0 0
1700 2 0 0 0 0 0 0 0 0
1702 2 0 0 0 0 0 0 0 0
1703 2 0 0 0 0 0 0 0 0
1704 2 0 0 0 0 0 0 0 0
1705 2 0 0 0 0 0 0 0 0
1706 2 0 0 0 0 0 0 0 0
1707 2 0 0 0 0 0 0 0 0
1708 2 0 0 0 0 0 0 0 0
1709 1 1 1 1 0 0 0 0 0
1713 1 0 0 0 0 0 0 0 0
1714 1 0 0 0 0 0 0 0 0
1715 1 0 0 0 0 0 0 0 0
1721 1 0 0 0 0 0 0 0 0
1722 1 0 0 0 0 0 0 0 0
1723 2 0 0 0 0 0 0 0 0
1727 1 0 0 0 0 0 0 0 0
1728 1 0 0 0 0 0 0 0 0
1731 1 0 0 1 0 0 0 0 0
1732 1 1 1 1 0 0 0 0 0
1733 1 0 0 0 0 0 0 0 0
1736 1 0 0 0 0 0 0 0 0
1737 1 0 0 0 0 0 0 0 0
1738 1 0 0 0 0 0 0 0 0
1744 1 0 0 0 0 0 0 0 0
1745 1 0 0 0 0 0 0 0 0
1746 1 0 0 0 0 0 0 0 0
1747 1 0 0 0 0 0 0 0 0
1748 1 0 0 0 0 0 0 0 0
1749 1 0 0 0 0 0 0 0 0
1821 13 13 3 0 0 0 0 0 0
1822 13 0 0 13 12 2 0 0 0
1823 13 0 0 13 12 4 0 0 0
1824 13 0 0 0 0 0 0 0 0
1825 13 0 0 0 0 0 0 0 0
1827 13 0 0 0 0 0 0 0 0
1828 13 0 0 0 0 0 0 0 0
1829 13 0 0 0 0 0 0 0 0
1830 13 0 0 0 0 0 0 0 0
1831 13 0 0 0 0 0 0 0 0
1832 13 0 0 0 0 0 0 0 0
1833 13 0 0 0 0 0 0 0 0
1834 12 12 3 12 0 0 0 0 0
1838 12 0 0 0 0 0 0 0 0
1839 12 0 0 0 0 0 0 0 0
1840 12 0 0 0 0 0 0 0 0
1846 12 0 0 0 0 0 0 0 0
1847 12 0 0 0 0 0 0 0 0
1848 24 0 0 0 0 0 0 0 0
1852 12 0 0 0 0 0 0 0 0
1853 12 0 0 0 0 0 0 0 0
1856 12 0 0 12 12 1 0 0 0
1857 12 11 2 12 0 0 0 0 0
1858 12 0 0 0 0 0 0 0 0
1861 12 0 0 0 0 0 0 0 0
1862 12 0 0 0 0 0 0 0 0
1863 12 0 0 0 0 0 0 0 0
1869 12 0 0 0 0 0 0 0 0
1870 12 0 0 0 0 0 0 0 0
1871 12 0 0 0 0 0 0 0 0
1872 12 0 0 0 0 0 0 0 0
1873 12 0 0 0 0 0 0 0 0
1874 12 0 0 0 0 0 0 0 0
1881 1 0 0 0 0 0 0 0 0
1882 1 0 0 0 0 0 0 0 0
1884 1 0 0 0 0 0 0 0 0
1885 1 0 0 0 0 0 0 0 0
1887 1 1 1 1 0 0 0 0 0
1888 1 0 0 1 0 0 0 0 0
1889 1 0 0 0 0 0 0 0 0
1892 1 0 0 0 0 0 0 0 0
1893 1 0 0 0 0 0 0 0 0
1894 1 0 0 0 0 0 0 0 0
1900 1 0 0 0 0 0 0 0 0
1901 1 0 0 0 0 0 0 0 0
1902 1 0 0 0 0 0 0 0 0
1903 1 0 0 0 0 0 0 0 0
1904 1 0 0 0 0 0 0 0 0
1905 1 0 0 0 0 0 0 0 0
1946 7 3 1 0 0 0 0 0 0
1947 7 0 0 7 1 0 0 0 0
1948 7 0 0 7 5 1 0 0 0
1949 7 0 0 0 0 0 0 0 0
1950 7 0 0 0 0 0 0 0 0
1952 7 0 0 0 0 0 0 0 0
1953 7 0 0 0 0 0 0 0 0
1954 7 0 0 0 0 0 0 0 0
1955 7 0 0 0 0 0 0 0 0
1956 7 0 0 0 0 0 0 0 0
1957 7 0 0 0 0 0 0 0 0
1958 7 0 0 0 0 0 0 0 0
2071 5 4 1 0 0 0 0 0 0
2072 5 0 0 5 5 0 0 0 0
2073 5 0 0 5 4 0 0 0 0
2074 5 0 0 0 0 0 0 0 0
2075 5 0 0 0 0 0 0 0 0
2077 5 0 0 0 0 0 0 0 0
2078 5 0 0 0 0 0 0 0 0
2079 5 0 0 0 0 0 0 0 0
2080 5 0 0 0 0 0 0 0 0
2081 5 0 0 0 0 0 0 0 0
2082 5 0 0 0 0 0 0 0 0
2083 5 0 0 0 0 0 0 0 0
2085 1 1 1 1 0 0 0 0 0
2089 1 0 0 0 0 0 0 0 0
2090 1 0 0 0 0 0 0 0 0
2091 1 0 0 0 0 0 0 0 0
2097 1 0 0 0 0 0 0 0 0
2098 1 0 0 0 0 0 0 0 0
2100 2 0 0 0 0 0 0 0 0
2104 1 0 0 0 0 0 0 0 0
2105 1 0 0 0 0 0 0 0 0
2108 1 0 0 1 1 1 0 0 0
2109 1 1 1 1 0 0 0 0 0
2110 1 0 0 0 0 0 0 0 0
2113 1 0 0 0 0 0 0 0 0
2114 1 0 0 0 0 0 0 0 0
2115 1 0 0 0 0 0 0 0 0
2121 1 0 0 0 0 0 0 0 0
2122 1 0 0 0 0 0 0 0 0
2123 1 0 0 0 0 0 0 0 0
2124 1 0 0 0 0 0 0 0 0
2125 1 0 0 0 0 0 0 0 0
2126 1 0 0 0 0 0 0 0 0
2200 19 19 0 0 0 0 0 0 0
2202 34 15 1 0 0 0 0 0 0
2203 34 0 0 0 0 0 0 0 0
2204 34 0 0 0 0 0 0 0 0
2205 34 0 0 0 0 0 0 0 0
2206 42 0 0 0 0 0 0 0 0
2211 207 173 2 0 0 0 0 0 0
2217 207 0 0 207 0 0 0 0 0
2218 207 0 0 207 6 0 0 0 0
2226 207 0 0 0 0 0 0 0 0
2227 207 0 0 207 33 0 0 0 0
fl=/build/glibc-DY4NiR/glibc-2.24/string/../sysdeps/x86_64/multiarch/../strcspn.S
fn=strcspn
33 1 1 1 0 0 0 0 0 0
40 1 0 0 0 0 0 0 0 0
41 1 0 0 0 0 0 0 0 0
43 1 0 0 0 0 0 0 0 0
44 1 0 0 0 0 0 0 0 0
45 1 0 0 0 0 0 0 0 0
46 1 0 0 0 0 0 0 0 0
47 33 0 0 0 0 0 32 4 4
50 2 0 0 0 0 0 0 0 0
57 1 1 1 1 1 0 0 0 0
58 1 0 0 0 0 0 0 0 0
59 1 0 0 0 0 0 0 0 0
60 1 0 0 0 0 0 1 0 0
62 1 0 0 1 0 0 0 0 0
63 1 0 0 0 0 0 0 0 0
64 1 0 0 0 0 0 0 0 0
65 1 0 0 0 0 0 1 0 0
67 1 0 0 1 0 0 0 0 0
68 1 0 0 0 0 0 0 0 0
69 1 0 0 0 0 0 0 0 0
78 3 0 0 0 0 0 0 0 0
90 12 1 1 0 0 0 0 0 0
92 12 0 0 12 1 0 0 0 0
93 12 0 0 12 0 0 0 0 0
94 12 0 0 0 0 0 0 0 0
96 12 0 0 12 0 0 0 0 0
97 12 0 0 12 0 0 0 0 0
98 12 0 0 0 0 0 0 0 0
100 12 0 0 12 0 0 0 0 0
101 12 0 0 12 0 0 0 0 0
102 12 0 0 0 0 0 0 0 0
104 12 0 0 12 0 0 0 0 0
105 12 0 0 12 0 0 0 0 0
106 12 0 0 0 0 0 0 0 0
108 1 0 0 0 0 0 0 0 0
109 1 0 0 0 0 0 0 0 0
110 1 0 0 0 0 0 0 0 0
112 1 0 0 0 0 0 0 0 0
119 1 0 0 0 0 0 0 0 0
123 1 0 0 1 0 0 0 0 0
fl=/build/glibc-DY4NiR/glibc-2.24/string/../sysdeps/x86_64/multiarch/memmove.S
fn=memmove
29 1 1 1 1 1 0 0 0 0
30 1 0 0 0 0 0 0 0 0
31 1 0 0 1 0 0 0 0 0
32 1 0 0 0 0 0 0 0 0
33 1 0 0 1 0 0 0 0 0
34 1 0 0 0 0 0 0 0 0
45 1 1 1 0 0 0 0 0 0
46 1 1 1 1 0 0 0 0 0
47 1 0 0 0 0 0 0 0 0
53 1 0 0 0 0 0 0 0 0
54 1 0 0 1 0 0 0 0 0
55 1 0 0 0 0 0 0 0 0
56 1 0 0 1 0 0 0 0 0
57 1 0 0 0 0 0 0 0 0
67 1 1 1 1 1 0 0 0 0
fl=/build/glibc-DY4NiR/glibc-2.24/string/../sysdeps/x86_64/multiarch/strcmp.S
fn=strcasecmp
109 1 1 1 1 1 0 0 0 0
110 1 0 0 0 0 0 0 0 0
111 1 0 0 1 1 0 0 0 0
112 1 0 0 0 0 0 0 0 0
122 1 1 1 1 1 0 0 0 0
fn=strncasecmp
129 1 1 1 1 1 0 0 0 0
130 1 0 0 0 0 0 0 0 0
131 1 0 0 1 0 0 0 0 0
132 1 0 0 0 0 0 0 0 0
142 1 1 1 1 1 0 0 0 0
fl=/build/glibc-DY4NiR/glibc-2.24/string/../sysdeps/x86_64/multiarch/strcspn.S
fn=strcspn
45 1 1 1 1 1 0 0 0 0
46 1 0 0 0 0 0 0 0 0
47 1 0 0 1 1 0 0 0 0
48 1 0 0 0 0 0 0 0 0
49 1 0 0 0 0 0 0 0 0
50 1 0 0 1 1 0 0 0 0
fn=strpbrk
45 1 1 1 1 1 0 0 0 0
46 1 0 0 0 0 0 0 0 0
47 1 1 1 1 0 0 0 0 0
48 1 0 0 0 0 0 0 0 0
49 1 0 0 0 0 0 0 0 0
50 1 0 0 1 1 0 0 0 0
fl=/build/glibc-DY4NiR/glibc-2.24/string/../sysdeps/x86_64/multiarch/strspn.S
fn=strspn
30 1 1 1 1 1 0 0 0 0
31 1 0 0 0 0 0 0 0 0
32 1 0 0 1 0 0 0 0 0
33 1 0 0 0 0 0 0 0 0
34 1 0 0 0 0 0 0 0 0
35 1 0 0 1 1 0 0 0 0
fl=/build/glibc-DY4NiR/glibc-2.24/string/../sysdeps/x86_64/strchr.S
fn=strchrnul
24 6 6 2 0 0 0 0 0 0
25 6 0 0 0 0 0 0 0 0
26 6 0 0 0 0 0 0 0 0
27 6 0 0 0 0 0 0 0 0
28 6 0 0 0 0 0 0 0 0
29 6 0 0 0 0 0 0 0 0
30 6 0 0 0 0 0 0 0 0
31 6 6 2 0 0 0 0 0 0
32 6 0 0 6 4 1 0 0 0
33 6 0 0 0 0 0 0 0 0
34 6 0 0 0 0 0 0 0 0
35 6 0 0 0 0 0 0 0 0
36 6 0 0 0 0 0 0 0 0
37 6 0 0 0 0 0 0 0 0
38 6 0 0 0 0 0 0 0 0
39 6 0 0 0 0 0 0 0 0
40 6 0 0 0 0 0 0 0 0
41 5 0 0 0 0 0 0 0 0
43 5 0 0 0 0 0 0 0 0
50 5 0 0 5 0 0 0 0 0
54 1 0 0 1 0 0 0 0 0
55 1 0 0 0 0 0 0 0 0
56 1 0 0 0 0 0 0 0 0
57 1 1 1 0 0 0 0 0 0
58 1 0 0 0 0 0 0 0 0
59 1 0 0 0 0 0 0 0 0
60 1 0 0 1 0 0 0 0 0
61 1 0 0 0 0 0 0 0 0
62 1 0 0 0 0 0 0 0 0
63 1 0 0 0 0 0 0 0 0
64 1 0 0 0 0 0 0 0 0
65 1 0 0 0 0 0 0 0 0
66 1 0 0 0 0 0 0 0 0
67 1 0 0 1 1 1 0 0 0
68 1 0 0 0 0 0 0 0 0
69 1 0 0 0 0 0 0 0 0
70 1 0 0 0 0 0 0 0 0
71 1 0 0 0 0 0 0 0 0
72 1 0 0 0 0 0 0 0 0
73 1 1 1 0 0 0 0 0 0
74 1 0 0 0 0 0 0 0 0
75 1 0 0 0 0 0 0 0 0
76 1 0 0 0 0 0 0 0 0
77 1 0 0 0 0 0 0 0 0
129 1 1 1 0 0 0 0 0 0
131 1 0 0 0 0 0 0 0 0
138 1 0 0 1 0 0 0 0 0
fl=/build/glibc-DY4NiR/glibc-2.24/string/../sysdeps/x86_64/strlen.S
fn=strlen
66 15 14 2 0 0 0 0 0 0
67 15 0 0 0 0 0 0 0 0
68 15 0 0 0 0 0 0 0 0
69 15 0 0 0 0 0 0 0 0
70 15 0 0 0 0 0 0 0 0
71 15 0 0 0 0 0 0 0 0
72 15 0 0 0 0 0 0 0 0
74 15 2 1 0 0 0 0 0 0
76 15 0 0 0 0 0 0 0 0
106 14 0 0 14 7 2 0 0 0
107 14 0 0 0 0 0 0 0 0
108 14 11 1 0 0 0 0 0 0
109 14 0 0 0 0 0 0 0 0
110 14 0 0 0 0 0 0 0 0
111 8 0 0 0 0 0 0 0 0
112 8 0 0 8 0 0 0 0 0
116 6 0 0 0 0 0 0 0 0
117 6 0 0 6 1 0 0 0 0
118 6 0 0 6 0 0 0 0 0
119 6 0 0 6 1 1 0 0 0
120 6 0 0 0 0 0 0 0 0
121 6 0 0 0 0 0 0 0 0
122 6 0 0 0 0 0 0 0 0
123 6 0 0 0 0 0 0 0 0
124 6 0 0 0 0 0 0 0 0
125 6 0 0 0 0 0 0 0 0
126 6 0 0 0 0 0 0 0 0
127 6 0 0 0 0 0 0 0 0
132 48 5 0 6 0 0 0 0 0
136 1 1 1 0 0 0 0 0 0
137 14 1 1 4 0 0 0 0 0
138 8 0 0 1 0 0 0 0 0
fl=/build/glibc-DY4NiR/glibc-2.24/string/../sysdeps/x86_64/strrchr.S
fn=rindex
24 1 1 1 0 0 0 0 0 0
25 1 0 0 0 0 0 0 0 0
26 1 0 0 0 0 0 0 0 0
27 1 0 0 0 0 0 0 0 0
28 1 0 0 0 0 0 0 0 0
29 1 0 0 0 0 0 0 0 0
30 1 0 0 0 0 0 0 0 0
31 1 0 0 0 0 0 0 0 0
32 1 0 0 1 1 1 0 0 0
33 1 0 0 0 0 0 0 0 0
34 1 0 0 0 0 0 0 0 0
35 1 0 0 0 0 0 0 0 0
36 1 0 0 0 0 0 0 0 0
37 1 0 0 0 0 0 0 0 0
38 1 1 1 0 0 0 0 0 0
39 1 0 0 0 0 0 0 0 0
40 1 0 0 0 0 0 0 0 0
41 1 0 0 0 0 0 0 0 0
42 1 0 0 0 0 0 0 0 0
43 1 0 0 0 0 0 0 0 0
44 1 0 0 0 0 0 0 0 0
45 1 0 0 0 0 0 0 0 0
46 1 0 0 0 0 0 0 0 0
47 1 0 0 1 0 0 0 0 0
fl=/build/glibc-DY4NiR/glibc-2.24/string/strdup.c
fn=strdup
40 12 3 1 0 0 0 6 0 0
41 6 0 0 0 0 0 3 0 0
42 6 0 0 0 0 0 3 0 0
44 6 0 0 0 0 0 0 0 0
47 12 0 0 0 0 0 0 0 0
48 9 0 0 6 0 0 0 0 0
fl=/build/glibc-DY4NiR/glibc-2.24/time/../sysdeps/generic/dl-hash.h
fn=gettimeofday
45 24 0 0 8 1 1 0 0 0
48 24 0 0 0 0 0 0 0 0
62 32 0 0 0 0 0 0 0 0
67 2 0 0 0 0 0 0 0 0
fn=time
45 12 0 0 4 1 1 0 0 0
48 12 0 0 0 0 0 0 0 0
62 16 1 1 0 0 0 0 0 0
67 1 0 0 0 0 0 0 0 0
fl=/build/glibc-DY4NiR/glibc-2.24/time/../sysdeps/unix/sysv/linux/x86/gettimeofday.c
fn=__gettimeofday_syscall
29 8 1 1 0 0 0 0 0 0
30 2 1 0 2 0 0 0 0 0
fn=gettimeofday
36 2 0 0 0 0 0 0 0 0
37 20 4 4 0 0 0 8 0 0
40 6 2 2 0 0 0 2 0 0
41 6 0 0 0 0 0 0 0 0
42 4 0 0 2 1 0 0 0 0
fl=/build/glibc-DY4NiR/glibc-2.24/time/../sysdeps/unix/sysv/linux/x86/time.c
fn=time
37 1 0 0 0 0 0 0 0 0
38 10 1 1 0 0 0 4 1 0
41 3 0 0 0 0 0 1 0 0
42 3 2 1 0 0 0 0 0 0
43 2 0 0 1 1 0 0 0 0
fl=/home/anabac/Desktop/Universidad/ArqO/arqo3.c
fn=generateMatrix
11 5 1 1 0 0 0 3 0 0
12 1 0 0 0 0 0 1 0 0
13 1 1 1 0 0 0 1 0 0
14 2 0 0 0 0 0 2 0 0
16 6 1 0 1 0 0 2 1 0
17 9 1 1 2 0 0 2 0 0
18 4 0 0 2 0 0 0 0 0
28 2 1 1 0 0 0 1 0 0
29 12101 3027 11 9074 0 0 1 1 0
31 36288 3025 10 15120 0 0 3024 1710 378
32 36593424 0 0 27439776 9716300 144 3024 192 0
34 146313216 18286128 81 45722880 6178471 145 18289152 5629332 1143876
38 1 0 0 1 0 0 0 0 0
39 4 0 0 3 0 0 0 0 0
fl=/home/anabac/Desktop/Universidad/ArqO/slow.c
fn=compute
50 4 1 1 0 0 0 3 0 0
54 12101 2 2 9074 0 0 1 0 0
56 36593424 0 0 27439776 0 0 3024 0 0
58 128024064 0 0 54867456 12419060 1197050 9144576 0 0
61 1 0 0 1 0 0 0 0 0
62 2 0 0 2 0 0 0 0 0
fn=main
10 5 0 0 0 0 0 3 0 0
12 1 0 0 0 0 0 1 0 0
14 2 0 0 0 0 0 1 0 0
16 4 1 1 0 0 0 1 1 0
18 2 1 0 1 1 0 0 0 0
23 6 2 1 2 1 0 2 1 0
24 4 1 1 1 0 0 2 1 1
25 2 0 0 1 0 0 0 0 0
32 4 1 1 0 0 0 1 0 0
35 7 1 0 2 1 0 2 1 1
38 4 0 0 0 0 0 1 0 0
39 17 1 1 5 2 2 1 0 0
40 6 1 1 2 1 0 2 1 0
44 3 1 0 1 1 0 1 0 0
45 1 1 0 0 0 0 0 0 0
46 2 0 0 2 1 0 0 0 0
fl=???
fn=???
0 9144787 9144641 37 9144687 9144627 78 31 13 1
fn=__libc_csu_init
0 34 2 2 8 1 0 8 1 0
fn=_start
0 11 2 2 2 2 0 3 0 0
summary: 786409981 64024830 1638 301861732 50377493 1199810 82325457 6727303 1144938
